Classifier:0
[97.82, 97.12, 98.02, 98.8, 99.27, 99.16, 98.44, 98.39, 98.29, 98.91]

Classifier:1
[78.06, 81.28, 89.15, 94.97, 100.0, 89.63, 92.02, 97.19, 97.32, 97.71]

Classifier:2
[78.12, 80.46, 90.26, 94.0, 100.0, 88.62, 90.91, 97.19, 97.15, 97.71]

Classifier:3
[77.83, 79.75, 90.37, 93.03, 100.0, 88.12, 90.13, 96.32, 97.04, 97.76]

Classifier:4
[1.49, 90.73, 71.06, 87.61, 98.99, 97.03, 93.64, 98.05, 99.09, 95.7]

Classifier:5
[58.24, 96.95, 78.47, 89.32, 98.09, 94.79, 97.21, 98.16, 98.52, 97.76]

Classifier:6
[78.12, 99.06, 77.83, 90.41, 100.0, 96.75, 98.27, 98.05, 98.29, 98.45]

Classifier:7
[91.79, 97.59, 91.83, 95.66, 99.38, 99.33, 98.33, 98.56, 98.58, 99.03]

Classifier:8
[99.48, 98.94, 95.1, 96.8, 100.0, 99.05, 99.33, 99.14, 98.69, 99.6]

Classifier:9
[99.54, 98.47, 98.13, 98.46, 100.0, 99.61, 99.39, 99.14, 99.54, 99.94]

Classifier:10
[8.79, 79.58, 74.56, 82.01, 100.0, 86.6, 90.24, 90.58, 98.97, 95.53]

Classifier:11
[4.82, 93.43, 0.0, 88.75, 14.63, 87.05, 92.25, 96.55, 98.12, 98.34]

Classifier:12
[42.22, 71.24, 75.03, 89.09, 100.0, 92.66, 95.48, 93.74, 99.03, 97.19]

Classifier:13
[39.63, 93.54, 80.75, 93.09, 100.0, 96.08, 91.75, 97.19, 98.63, 98.39]

Classifier:14
[97.99, 97.12, 96.67, 98.06, 100.0, 99.05, 95.87, 99.2, 99.03, 99.25]

Classifier:15
[98.51, 96.71, 96.27, 98.29, 100.0, 98.6, 97.88, 98.22, 98.86, 99.14]

Classifier:16
[96.55, 97.95, 95.45, 98.46, 99.78, 98.15, 98.16, 98.05, 98.29, 98.57]

Classifier:17
[97.65, 97.07, 95.45, 98.8, 100.0, 96.92, 96.77, 97.93, 98.63, 99.83]

Classifier:18
[97.53, 97.12, 97.32, 97.83, 99.78, 98.71, 97.99, 98.39, 98.23, 98.51]

Classifier:19
[97.59, 97.01, 97.78, 98.34, 99.38, 98.99, 97.99, 98.1, 98.63, 98.91]

Classifier:20
[97.76, 96.89, 97.43, 98.46, 99.27, 99.1, 98.22, 98.33, 98.58, 98.8]

Classifier:21
[96.27, 94.01, 93.47, 98.52, 100.0, 97.2, 97.32, 98.39, 98.18, 98.8]

Classifier:22
[97.99, 97.12, 96.67, 98.06, 100.0, 99.05, 95.87, 99.2, 99.03, 99.25]

Classifier:23
[96.61, 97.01, 94.34, 96.06, 99.83, 99.27, 95.26, 98.97, 98.63, 97.99]

 [99.54, 98.47, 98.13, 98.46, 100.0, 99.61, 99.39, 99.14, 99.54, 99.94]
 9