
Classifier:0 deicions tree
[98.4, 97.13, 97.24, 99.25, 98.95, 98.89, 97.92, 98.28, 99.15, 98.95]

Classifier:1 knn 3
[79.55, 82.84, 90.33, 94.14, 100.0, 87.52, 91.13, 96.95, 97.75, 97.78]

Classifier:2 knn5
[79.21, 81.23, 91.14, 92.98, 100.0, 87.8, 89.78, 96.67, 97.91, 97.32]

knn7

[78.87, 81.06, 90.85, 92.75, 100.0, 87.52, 89.05, 96.55, 97.86, 97.78]

Classifier:3 
[97.42, 96.21, 96.61, 98.14, 100.0, 96.71, 98.09, 97.76, 99.61, 100.0]

Classifier:4
[98.51, 96.5, 96.43, 97.97, 100.0, 99.28, 97.87, 96.9, 98.59, 99.83]

Classifier:5
[97.94, 97.82, 94.82, 95.65, 100.0, 98.16, 96.91, 98.33, 98.53, 99.24]

Classifier:6
[96.16, 96.44, 96.66, 97.39, 100.0, 98.38, 96.57, 97.53, 99.38, 99.83]

Classifier:7
[95.88, 97.36, 96.49, 96.11, 100.0, 98.61, 98.37, 97.3, 98.42, 99.3]

Classifier:8
[95.82, 97.13, 95.22, 98.84, 100.0, 98.22, 98.76, 97.93, 97.63, 99.48]

Classifier:9
[98.28, 97.59, 97.64, 98.26, 99.37, 98.61, 98.26, 98.28, 98.7, 99.07]

Classifier:10
[97.77, 97.3, 97.47, 98.37, 98.95, 98.61, 97.98, 98.1, 98.93, 99.24]

Classifier:11
[98.34, 97.42, 97.47, 98.55, 97.47, 98.66, 97.92, 98.56, 98.76, 99.07]

Classifier:12
[97.82, 97.65, 97.41, 98.2, 100.0, 98.55, 96.91, 98.56, 98.53, 99.01]

Classifier:13
[98.51, 97.3, 97.87, 98.67, 97.26, 98.89, 98.26, 98.22, 98.48, 99.07]

Classifier:14
[98.45, 97.3, 97.53, 98.55, 100.0, 98.66, 98.15, 98.56, 98.65, 99.07]

Classifier:15
[97.48, 97.42, 97.01, 98.67, 100.0, 98.61, 98.09, 98.1, 99.15, 99.24]

Classifier:16
[97.82, 97.47, 96.89, 98.32, 98.74, 98.66, 97.42, 98.56, 98.76, 99.24]

Classifier:17
[98.68, 97.59, 96.26, 98.08, 100.0, 99.22, 98.43, 99.31, 99.61, 99.13]

 [98.68, 97.59, 96.26, 98.08, 100.0, 99.22, 98.43, 99.31, 99.61, 99.13]
 17