
 confusionMatrix[[78.06, 2.58, 1.58, 0.17, 0.06, 16.7, 0.22, 0.06, 0.17, 0.06, 0.0], [1.26, 81.28, 11.49, 0.91, 0.17, 1.35, 0.11, 0.23, 0.06, 2.64, 0.23], [0.63, 8.22, 89.15, 0.29, 0.06, 0.28, 0.33, 0.0, 0.8, 0.17, 0.06], [0.17, 2.17, 1.75, 94.97, 0.11, 0.11, 0.11, 0.34, 0.06, 0.29, 0.0], [0.0, 0.0, 0.0, 0.0, 100.0, 0.0, 0.0, 0.0, 0.0, 0.0, 0.0], [9.82, 0.35, 0.06, 0.0, 0.0, 89.63, 0.0, 0.0, 0.17, 0.23, 0.0], [0.0, 0.88, 0.93, 0.63, 0.06, 0.11, 92.02, 0.34, 4.22, 0.11, 0.92], [0.52, 0.29, 0.18, 0.97, 0.0, 0.17, 0.28, 97.19, 0.06, 0.34, 0.0], [0.69, 0.35, 0.76, 0.06, 0.0, 0.39, 0.45, 0.0, 97.32, 0.0, 0.0], [0.06, 1.58, 0.06, 0.0, 0.0, 0.34, 0.11, 0.17, 0.0, 97.71, 0.0], [0.0, 0.06, 0.12, 0.0, 0.22, 0.0, 0.0, 0.0, 0.0, 0.0, 99.6]]
78.06	81.28	89.15	94.97	100.0	89.63	92.02	97.19	97.32	97.71	99.6	

 confusionMatrix[[97.99, 0.0, 0.41, 0.17, 0.0, 1.18, 0.17, 0.0, 0.06, 0.0, 0.0], [0.0, 97.24, 1.87, 0.34, 0.0, 0.0, 0.11, 0.11, 0.0, 0.17, 0.12], [0.11, 1.06, 97.72, 0.0, 0.0, 0.0, 0.0, 0.29, 0.63, 0.0, 0.17], [0.17, 0.41, 0.06, 98.46, 0.22, 0.28, 0.39, 0.0, 0.0, 0.0, 0.0], [0.0, 0.0, 0.0, 0.23, 99.78, 0.0, 0.0, 0.0, 0.0, 0.0, 0.0], [0.57, 0.06, 0.0, 0.06, 0.0, 99.1, 0.0, 0.23, 0.0, 0.0, 0.0], [0.0, 0.23, 0.29, 0.46, 0.0, 0.45, 98.27, 0.0, 0.34, 0.0, 0.0], [0.57, 0.18, 0.23, 0.06, 0.0, 0.28, 0.28, 98.33, 0.0, 0.06, 0.0], [0.17, 0.0, 0.7, 0.0, 0.56, 0.0, 0.17, 0.0, 98.4, 0.0, 0.0], [0.0, 0.47, 0.29, 0.34, 0.0, 0.0, 0.0, 0.0, 0.0, 98.91, 0.0], [0.0, 0.06, 0.06, 0.0, 0.0, 0.0, 0.0, 0.0, 0.0, 0.0, 99.88]]
97.99	97.24	97.72	98.46	99.78	99.1	98.27	98.33	98.4	98.91	99.88	

 confusionMatrix[[97.47, 0.18, 0.41, 0.23, 0.06, 1.18, 0.22, 0.23, 0.0, 0.0, 0.0], [0.11, 97.07, 1.75, 0.0, 0.0, 0.34, 0.17, 0.23, 0.0, 0.29, 0.0], [0.11, 1.23, 97.26, 0.0, 0.06, 0.0, 0.0, 0.52, 0.57, 0.0, 0.23], [0.11, 0.41, 0.0, 98.0, 0.11, 0.28, 0.56, 0.06, 0.46, 0.0, 0.0], [0.0, 0.0, 0.0, 0.23, 99.55, 0.0, 0.0, 0.0, 0.23, 0.0, 0.0], [0.52, 0.06, 0.0, 0.11, 0.0, 99.22, 0.0, 0.11, 0.0, 0.0, 0.0], [0.0, 0.29, 0.12, 0.63, 0.0, 0.5, 98.22, 0.0, 0.28, 0.0, 0.0], [0.4, 0.18, 0.23, 0.06, 0.0, 0.28, 0.28, 98.33, 0.0, 0.23, 0.0], [0.06, 0.0, 0.64, 0.06, 0.5, 0.0, 0.11, 0.0, 98.63, 0.0, 0.0], [0.0, 0.53, 0.29, 0.11, 0.0, 0.17, 0.0, 0.0, 0.0, 98.91, 0.0], [0.0, 0.18, 0.23, 0.0, 0.0, 0.0, 0.06, 0.0, 0.0, 0.0, 99.54]]
97.47	97.07	97.26	98.0	99.55	99.22	98.22	98.33	98.63	98.91	99.54	

 confusionMatrix[[97.42, 0.12, 0.64, 0.23, 0.0, 1.18, 0.28, 0.06, 0.06, 0.0, 0.0], [0.11, 96.77, 1.75, 0.34, 0.0, 0.0, 0.22, 0.17, 0.0, 0.46, 0.12], [0.34, 1.47, 97.49, 0.0, 0.0, 0.0, 0.0, 0.06, 0.63, 0.0, 0.0], [0.11, 0.41, 0.0, 98.57, 0.22, 0.28, 0.33, 0.06, 0.0, 0.0, 0.0], [0.0, 0.0, 0.0, 0.29, 99.5, 0.0, 0.22, 0.0, 0.0, 0.0, 0.0], [0.52, 0.06, 0.0, 0.0, 0.0, 99.33, 0.0, 0.11, 0.0, 0.0, 0.0], [0.0, 0.23, 0.12, 0.29, 0.0, 0.5, 98.16, 0.46, 0.28, 0.0, 0.0], [0.4, 0.18, 0.23, 0.06, 0.0, 0.28, 0.22, 98.33, 0.0, 0.29, 0.0], [0.17, 0.0, 0.64, 0.0, 0.56, 0.0, 0.17, 0.0, 98.46, 0.0, 0.0], [0.0, 0.47, 0.29, 0.34, 0.0, 0.0, 0.0, 0.0, 0.0, 98.91, 0.0], [0.0, 0.12, 0.18, 0.0, 0.0, 0.0, 0.06, 0.0, 0.06, 0.0, 99.6]]
97.42	96.77	97.49	98.57	99.5	99.33	98.16	98.33	98.46	98.91	99.6	

 confusionMatrix[[96.27, 0.53, 0.0, 0.0, 0.0, 2.69, 0.28, 0.11, 0.0, 0.0, 0.06], [0.29, 94.01, 4.2, 0.0, 0.0, 0.0, 0.0, 0.0, 0.0, 1.43, 0.0], [0.0, 4.93, 93.47, 0.0, 0.0, 0.0, 0.0, 0.0, 0.85, 0.11, 0.63], [0.11, 0.0, 0.06, 98.52, 0.56, 0.5, 0.22, 0.0, 0.0, 0.0, 0.0], [0.0, 0.0, 0.0, 0.0, 100.0, 0.0, 0.0, 0.0, 0.0, 0.0, 0.0], [2.07, 0.0, 0.0, 0.0, 0.0, 97.2, 0.0, 0.06, 0.17, 0.57, 0.0], [0.06, 0.18, 0.18, 0.17, 0.0, 0.06, 97.32, 0.0, 0.57, 0.34, 1.21], [0.06, 0.59, 0.12, 0.0, 0.0, 0.22, 0.06, 98.39, 0.0, 0.57, 0.0], [1.15, 0.0, 0.18, 0.06, 0.0, 0.45, 0.0, 0.0, 98.18, 0.0, 0.0], [0.0, 0.29, 0.41, 0.0, 0.0, 0.34, 0.0, 0.17, 0.0, 98.8, 0.0], [0.0, 0.06, 0.06, 0.0, 0.06, 0.0, 0.0, 0.0, 0.0, 0.0, 99.83]]
96.27	94.01	93.47	98.52	100.0	97.2	97.32	98.39	98.18	98.8	99.83	

 confusionMatrix[[97.99, 0.41, 0.0, 0.0, 0.0, 0.78, 0.39, 0.06, 0.28, 0.0, 0.06], [0.0, 97.12, 2.22, 0.0, 0.0, 0.11, 0.22, 0.11, 0.0, 0.17, 0.0], [0.0, 1.47, 96.67, 0.0, 0.0, 0.0, 0.0, 0.46, 0.63, 0.17, 0.58], [0.17, 0.23, 0.0, 98.06, 0.28, 0.22, 0.39, 0.34, 0.06, 0.17, 0.06], [0.0, 0.0, 0.0, 0.0, 100.0, 0.0, 0.0, 0.0, 0.0, 0.0, 0.0], [0.46, 0.0, 0.0, 0.17, 0.06, 99.05, 0.0, 0.23, 0.06, 0.0, 0.0], [0.06, 0.35, 0.23, 0.4, 0.0, 0.06, 95.87, 0.63, 0.63, 0.0, 1.9], [0.0, 0.41, 0.06, 0.06, 0.0, 0.11, 0.06, 99.2, 0.06, 0.06, 0.0], [0.34, 0.0, 0.41, 0.06, 0.0, 0.0, 0.17, 0.0, 99.03, 0.0, 0.0], [0.0, 0.23, 0.18, 0.06, 0.0, 0.0, 0.0, 0.29, 0.0, 99.25, 0.0], [0.0, 0.18, 0.0, 0.0, 0.11, 0.0, 0.0, 0.0, 0.0, 0.0, 99.71]]
97.99	97.12	96.67	98.06	100.0	99.05	95.87	99.2	99.03	99.25	99.71	




EXPERIMETO2


78.06	81.28	89.15	94.97	100.0	89.63	92.02	97.19	97.32	97.71	99.6	
98.16	96.77	97.9	98.97	99.16	98.32	98.1	98.16	98.75	98.91	99.88
97.42	97.24	97.67	98.46	98.77	99.05	98.22	98.28	98.52	98.51	99.83	
97.47	96.89	97.61	98.34	98.93	98.82	98.22	98.22	98.12	98.62	99.71
97.53	97.01	97.72	98.46	99.27	99.33	98.49	98.33	98.69	98.39	99.83
98.33	96.36	98.02	98.57	100.0	98.49	96.6	98.22	98.01	99.48	99.88
97.59	97.65	95.68	97.6	100.0	98.37	98.94	97.13	98.8	98.8	99.48	
97.36	98.3	96.21	99.09	99.89	97.53	97.71	97.65	98.97	98.8	99.88
97.42	96.77	95.27	98.23	99.83	98.26	96.43	97.65	97.95	99.31	99.88

 confusionMatrix[[78.06, 2.58, 1.58, 0.17, 0.06, 16.7, 0.22, 0.06, 0.17, 0.06, 0.0], [1.26, 81.28, 11.49, 0.91, 0.17, 1.35, 0.11, 0.23, 0.06, 2.64, 0.23], [0.63, 8.22, 89.15, 0.29, 0.06, 0.28, 0.33, 0.0, 0.8, 0.17, 0.06], [0.17, 2.17, 1.75, 94.97, 0.11, 0.11, 0.11, 0.34, 0.06, 0.29, 0.0], [0.0, 0.0, 0.0, 0.0, 100.0, 0.0, 0.0, 0.0, 0.0, 0.0, 0.0], [9.82, 0.35, 0.06, 0.0, 0.0, 89.63, 0.0, 0.0, 0.17, 0.23, 0.0], [0.0, 0.88, 0.93, 0.63, 0.06, 0.11, 92.02, 0.34, 4.22, 0.11, 0.92], [0.52, 0.29, 0.18, 0.97, 0.0, 0.17, 0.28, 97.19, 0.06, 0.34, 0.0], [0.69, 0.35, 0.76, 0.06, 0.0, 0.39, 0.45, 0.0, 97.32, 0.0, 0.0], [0.06, 1.58, 0.06, 0.0, 0.0, 0.34, 0.11, 0.17, 0.0, 97.71, 0.0], [0.0, 0.06, 0.12, 0.0, 0.22, 0.0, 0.0, 0.0, 0.0, 0.0, 99.6]]
78.06	81.28	89.15	94.97	100.0	89.63	92.02	97.19	97.32	97.71	99.6	

 confusionMatrix[[98.16, 0.0, 0.41, 0.17, 0.06, 0.9, 0.22, 0.0, 0.06, 0.0, 0.0], [0.0, 96.77, 2.22, 0.34, 0.0, 0.0, 0.17, 0.11, 0.0, 0.23, 0.12], [0.11, 1.06, 97.9, 0.11, 0.06, 0.0, 0.06, 0.11, 0.4, 0.0, 0.17], [0.11, 0.12, 0.0, 98.97, 0.17, 0.22, 0.39, 0.0, 0.0, 0.0, 0.0], [0.0, 0.0, 0.0, 0.86, 99.16, 0.0, 0.0, 0.0, 0.0, 0.0, 0.0], [0.57, 0.06, 0.0, 0.91, 0.0, 98.32, 0.0, 0.11, 0.06, 0.0, 0.0], [0.0, 0.47, 0.35, 0.57, 0.0, 0.17, 98.1, 0.11, 0.11, 0.17, 0.0], [0.57, 0.06, 0.41, 0.06, 0.0, 0.28, 0.33, 98.16, 0.0, 0.11, 0.0], [0.06, 0.0, 0.53, 0.06, 0.5, 0.0, 0.11, 0.0, 98.75, 0.0, 0.0], [0.0, 0.47, 0.0, 0.63, 0.0, 0.0, 0.0, 0.0, 0.0, 98.91, 0.0], [0.0, 0.06, 0.06, 0.0, 0.0, 0.0, 0.0, 0.0, 0.0, 0.0, 99.88]]
98.16	96.77	97.9	98.97	99.16	98.32	98.1	98.16	98.75	98.91	99.88	
 confusionMatrix[[97.42, 0.12, 0.53, 0.11, 0.06, 1.18, 0.28, 0.23, 0.06, 0.0, 0.0], [0.23, 97.24, 1.63, 0.34, 0.0, 0.0, 0.17, 0.0, 0.0, 0.17, 0.17], [0.11, 1.23, 97.67, 0.0, 0.06, 0.0, 0.0, 0.34, 0.57, 0.0, 0.0], [0.17, 0.41, 0.0, 98.46, 0.06, 0.28, 0.45, 0.0, 0.17, 0.0, 0.0], [0.0, 0.0, 0.0, 1.03, 98.77, 0.0, 0.0, 0.0, 0.23, 0.0, 0.0], [0.75, 0.06, 0.0, 0.0, 0.0, 99.05, 0.0, 0.11, 0.06, 0.0, 0.0], [0.0, 0.29, 0.12, 0.51, 0.0, 0.5, 98.22, 0.11, 0.28, 0.0, 0.0], [0.4, 0.35, 0.35, 0.06, 0.0, 0.28, 0.22, 98.28, 0.0, 0.06, 0.0], [0.17, 0.0, 0.64, 0.0, 0.5, 0.0, 0.17, 0.0, 98.52, 0.0, 0.0], [0.0, 0.59, 0.29, 0.34, 0.0, 0.28, 0.0, 0.0, 0.0, 98.51, 0.0], [0.0, 0.12, 0.06, 0.0, 0.0, 0.0, 0.0, 0.0, 0.0, 0.0, 99.83]]
97.42	97.24	97.67	98.46	98.77	99.05	98.22	98.28	98.52	98.51	99.83	

 confusionMatrix[[97.47, 0.0, 0.47, 0.23, 0.0, 1.18, 0.17, 0.29, 0.17, 0.0, 0.0], [0.0, 96.89, 2.1, 0.34, 0.0, 0.0, 0.22, 0.11, 0.0, 0.29, 0.0], [0.17, 1.17, 97.61, 0.0, 0.0, 0.0, 0.06, 0.34, 0.63, 0.0, 0.0], [0.11, 0.41, 0.0, 98.34, 0.39, 0.28, 0.39, 0.06, 0.0, 0.0, 0.0], [0.0, 0.0, 0.0, 1.09, 98.93, 0.0, 0.0, 0.0, 0.0, 0.0, 0.0], [0.52, 0.06, 0.0, 0.51, 0.0, 98.82, 0.0, 0.11, 0.0, 0.0, 0.0], [0.0, 0.29, 0.29, 0.46, 0.0, 0.5, 98.22, 0.0, 0.28, 0.0, 0.0], [0.4, 0.29, 0.35, 0.06, 0.0, 0.28, 0.17, 98.22, 0.0, 0.23, 0.0], [0.52, 0.0, 0.64, 0.0, 0.56, 0.0, 0.17, 0.0, 98.12, 0.0, 0.0], [0.0, 0.47, 0.29, 0.34, 0.0, 0.28, 0.0, 0.0, 0.0, 98.62, 0.0], [0.0, 0.18, 0.06, 0.0, 0.0, 0.0, 0.06, 0.0, 0.0, 0.0, 99.71]]
97.47	96.89	97.61	98.34	98.93	98.82	98.22	98.22	98.12	98.62	99.71	

 confusionMatrix[[97.53, 0.0, 0.76, 0.23, 0.06, 1.18, 0.17, 0.06, 0.0, 0.0, 0.0], [0.06, 97.01, 1.69, 0.34, 0.0, 0.0, 0.17, 0.23, 0.0, 0.4, 0.06], [0.11, 1.17, 97.72, 0.0, 0.06, 0.0, 0.0, 0.11, 0.63, 0.0, 0.17], [0.11, 0.41, 0.0, 98.46, 0.06, 0.28, 0.45, 0.06, 0.17, 0.0, 0.0], [0.0, 0.0, 0.0, 0.51, 99.27, 0.0, 0.0, 0.0, 0.23, 0.0, 0.0], [0.52, 0.06, 0.0, 0.0, 0.0, 99.33, 0.0, 0.11, 0.0, 0.0, 0.0], [0.0, 0.23, 0.29, 0.23, 0.0, 0.5, 98.49, 0.0, 0.28, 0.0, 0.0], [0.4, 0.18, 0.23, 0.0, 0.0, 0.28, 0.33, 98.33, 0.0, 0.23, 0.0], [0.06, 0.0, 0.58, 0.0, 0.5, 0.0, 0.17, 0.0, 98.69, 0.0, 0.0], [0.0, 0.59, 0.29, 0.34, 0.0, 0.39, 0.0, 0.0, 0.0, 98.39, 0.0], [0.0, 0.06, 0.06, 0.0, 0.0, 0.0, 0.06, 0.0, 0.0, 0.0, 99.83]]
97.53	97.01	97.72	98.46	99.27	99.33	98.49	98.33	98.69	98.39	99.83	

 confusionMatrix[[98.33, 0.12, 0.12, 0.06, 0.06, 0.5, 0.39, 0.23, 0.0, 0.0, 0.17], [0.0, 96.36, 2.63, 0.0, 0.0, 0.0, 0.22, 0.29, 0.0, 0.23, 0.23], [0.23, 0.76, 98.02, 0.0, 0.0, 0.0, 0.0, 0.06, 0.51, 0.17, 0.23], [0.17, 0.0, 0.0, 98.57, 0.39, 0.34, 0.33, 0.06, 0.06, 0.06, 0.0], [0.0, 0.0, 0.0, 0.0, 100.0, 0.0, 0.0, 0.0, 0.0, 0.0, 0.0], [0.92, 0.0, 0.0, 0.0, 0.06, 98.49, 0.17, 0.17, 0.0, 0.0, 0.23], [0.23, 0.18, 0.18, 2.11, 0.0, 0.0, 96.6, 0.06, 0.57, 0.06, 0.12], [0.57, 0.59, 0.29, 0.0, 0.0, 0.0, 0.28, 98.22, 0.0, 0.06, 0.0], [0.23, 0.0, 1.63, 0.06, 0.0, 0.0, 0.0, 0.0, 98.01, 0.11, 0.0], [0.0, 0.12, 0.29, 0.0, 0.0, 0.0, 0.11, 0.0, 0.0, 99.48, 0.0], [0.0, 0.06, 0.06, 0.0, 0.0, 0.0, 0.0, 0.0, 0.0, 0.0, 99.88]]
98.33	96.36	98.02	98.57	100.0	98.49	96.6	98.22	98.01	99.48	99.88	

 confusionMatrix[[97.59, 0.0, 0.12, 0.0, 0.06, 0.22, 1.0, 0.29, 0.11, 0.57, 0.0], [0.0, 97.65, 1.52, 0.0, 0.0, 0.0, 0.33, 0.17, 0.0, 0.23, 0.06], [0.0, 2.93, 95.68, 0.0, 0.0, 0.0, 0.22, 0.0, 0.34, 0.8, 0.0], [0.23, 0.06, 0.0, 97.6, 0.17, 0.22, 0.56, 0.57, 0.17, 0.4, 0.0], [0.0, 0.0, 0.0, 0.0, 100.0, 0.0, 0.0, 0.0, 0.0, 0.0, 0.0], [1.26, 0.0, 0.0, 0.06, 0.11, 98.37, 0.0, 0.0, 0.0, 0.23, 0.0], [0.23, 0.06, 0.41, 0.11, 0.0, 0.0, 98.94, 0.06, 0.11, 0.06, 0.06], [0.86, 1.12, 0.12, 0.0, 0.0, 0.11, 0.06, 97.13, 0.0, 0.63, 0.0], [0.17, 0.0, 0.58, 0.06, 0.11, 0.0, 0.17, 0.0, 98.8, 0.11, 0.0], [0.0, 1.0, 0.0, 0.11, 0.0, 0.11, 0.0, 0.0, 0.0, 98.8, 0.0], [0.0, 0.06, 0.18, 0.0, 0.0, 0.0, 0.11, 0.17, 0.0, 0.0, 99.48]]
97.59	97.65	95.68	97.6	100.0	98.37	98.94	97.13	98.8	98.8	99.48	

 confusionMatrix[[97.36, 0.06, 0.23, 0.17, 0.06, 1.01, 0.17, 0.34, 0.51, 0.06, 0.0], [0.23, 98.3, 0.88, 0.0, 0.0, 0.0, 0.06, 0.23, 0.11, 0.11, 0.06], [0.0, 2.11, 96.21, 0.0, 0.0, 0.0, 0.28, 0.4, 0.51, 0.17, 0.29], [0.0, 0.06, 0.0, 99.09, 0.17, 0.17, 0.0, 0.34, 0.0, 0.17, 0.0], [0.0, 0.0, 0.0, 0.11, 99.89, 0.0, 0.0, 0.0, 0.0, 0.0, 0.0], [0.75, 0.0, 0.0, 0.17, 0.0, 97.53, 0.0, 0.86, 0.46, 0.29, 0.0], [0.11, 0.53, 0.12, 1.03, 0.0, 0.11, 97.71, 0.29, 0.0, 0.06, 0.12], [1.21, 0.35, 0.29, 0.06, 0.0, 0.11, 0.22, 97.65, 0.0, 0.11, 0.0], [0.29, 0.0, 0.41, 0.17, 0.0, 0.0, 0.17, 0.0, 98.97, 0.0, 0.0], [0.11, 0.82, 0.29, 0.0, 0.0, 0.0, 0.0, 0.0, 0.0, 98.8, 0.0], [0.0, 0.0, 0.06, 0.0, 0.0, 0.0, 0.06, 0.0, 0.0, 0.0, 99.88]]
97.36	98.3	96.21	99.09	99.89	97.53	97.71	97.65	98.97	98.8	99.88	

 confusionMatrix[[97.42, 0.23, 0.7, 0.29, 0.0, 0.45, 0.5, 0.11, 0.23, 0.06, 0.0], [0.11, 96.77, 1.28, 0.23, 0.0, 0.0, 0.5, 0.0, 0.0, 1.03, 0.0], [0.4, 2.7, 95.27, 0.11, 0.0, 0.0, 0.28, 0.0, 0.63, 0.4, 0.17], [0.69, 0.0, 0.18, 98.23, 0.11, 0.0, 0.56, 0.0, 0.0, 0.23, 0.0], [0.0, 0.0, 0.0, 0.17, 99.83, 0.0, 0.0, 0.0, 0.0, 0.0, 0.0], [1.38, 0.0, 0.0, 0.17, 0.0, 98.26, 0.17, 0.0, 0.0, 0.06, 0.0], [0.4, 0.18, 0.12, 1.71, 0.0, 0.22, 96.43, 0.17, 0.57, 0.23, 0.06], [0.92, 0.41, 0.18, 0.17, 0.0, 0.45, 0.0, 97.65, 0.0, 0.23, 0.0], [0.52, 0.0, 0.82, 0.23, 0.06, 0.22, 0.22, 0.0, 97.95, 0.0, 0.0], [0.0, 0.0, 0.18, 0.23, 0.0, 0.0, 0.0, 0.29, 0.0, 99.31, 0.0], [0.0, 0.0, 0.12, 0.0, 0.0, 0.0, 0.0, 0.0, 0.0, 0.0, 99.88]]
97.42	96.77	95.27	98.23	99.83	98.26	96.43	97.65	97.95	99.31	99.88	



EXPERIMENTO 3

78.06	81.28	89.15	94.97	100.0	89.63	92.02	97.19	97.32	97.71	99.6	
97.99	97.01	97.96	98.69	98.99	98.77	98.44	97.99	98.58	98.91	99.83
97.65	97.12	97.72	98.34	99.33	99.22	97.94	98.28	98.58	98.91	99.83
97.82	97.07	97.61	98.57	99.44	99.22	98.44	98.16	98.63	98.8	99.83
97.82	96.83	97.84	98.46	99.27	99.22	98.33	98.22	98.58	98.91	99.83
96.55	97.07	97.26	99.14	100.0	97.81	98.16	96.9	97.95	98.91	99.65
97.99	96.89	95.74	98.17	99.72	98.82	97.38	97.7	99.49	98.85	99.65
98.28	96.36	95.33	98.52	99.94	97.59	98.33	97.87	98.69	98.91	99.48
97.36	95.66	95.27	97.32	99.61	98.15	97.1	98.51	98.63	98.85	99.83
96.27	94.01	93.47	98.52	100.0	97.2	97.32	98.39	98.18	98.8	99.83

 confusionMatrix[[78.06, 2.58, 1.58, 0.17, 0.06, 16.7, 0.22, 0.06, 0.17, 0.06, 0.0], [1.26, 81.28, 11.49, 0.91, 0.17, 1.35, 0.11, 0.23, 0.06, 2.64, 0.23], [0.63, 8.22, 89.15, 0.29, 0.06, 0.28, 0.33, 0.0, 0.8, 0.17, 0.06], [0.17, 2.17, 1.75, 94.97, 0.11, 0.11, 0.11, 0.34, 0.06, 0.29, 0.0], [0.0, 0.0, 0.0, 0.0, 100.0, 0.0, 0.0, 0.0, 0.0, 0.0, 0.0], [9.82, 0.35, 0.06, 0.0, 0.0, 89.63, 0.0, 0.0, 0.17, 0.23, 0.0], [0.0, 0.88, 0.93, 0.63, 0.06, 0.11, 92.02, 0.34, 4.22, 0.11, 0.92], [0.52, 0.29, 0.18, 0.97, 0.0, 0.17, 0.28, 97.19, 0.06, 0.34, 0.0], [0.69, 0.35, 0.76, 0.06, 0.0, 0.39, 0.45, 0.0, 97.32, 0.0, 0.0], [0.06, 1.58, 0.06, 0.0, 0.0, 0.34, 0.11, 0.17, 0.0, 97.71, 0.0], [0.0, 0.06, 0.12, 0.0, 0.22, 0.0, 0.0, 0.0, 0.0, 0.0, 99.6]]
78.06	81.28	89.15	94.97	100.0	89.63	92.02	97.19	97.32	97.71	99.6	

 confusionMatrix[[97.99, 0.18, 0.41, 0.17, 0.0, 0.67, 0.11, 0.0, 0.4, 0.0, 0.06], [0.0, 97.01, 1.98, 0.34, 0.0, 0.0, 0.22, 0.11, 0.0, 0.23, 0.06], [0.11, 1.0, 97.96, 0.06, 0.0, 0.0, 0.06, 0.23, 0.4, 0.0, 0.17], [0.11, 0.12, 0.0, 98.69, 0.22, 0.17, 0.67, 0.0, 0.0, 0.0, 0.0], [0.0, 0.0, 0.0, 0.91, 98.99, 0.0, 0.11, 0.0, 0.0, 0.0, 0.0], [0.75, 0.06, 0.0, 0.34, 0.0, 98.77, 0.0, 0.11, 0.0, 0.0, 0.0], [0.0, 0.35, 0.29, 0.46, 0.0, 0.06, 98.44, 0.06, 0.23, 0.17, 0.0], [0.4, 0.18, 0.64, 0.06, 0.0, 0.28, 0.22, 97.99, 0.0, 0.17, 0.06], [0.06, 0.0, 0.64, 0.0, 0.56, 0.0, 0.17, 0.0, 98.58, 0.0, 0.0], [0.0, 0.47, 0.29, 0.34, 0.0, 0.0, 0.0, 0.0, 0.0, 98.91, 0.0], [0.0, 0.12, 0.06, 0.0, 0.0, 0.0, 0.0, 0.0, 0.0, 0.0, 99.83]]
97.99	97.01	97.96	98.69	98.99	98.77	98.44	97.99	98.58	98.91	99.83	

 confusionMatrix[[97.65, 0.0, 0.64, 0.17, 0.06, 0.9, 0.28, 0.0, 0.28, 0.0, 0.0], [0.06, 97.12, 1.81, 0.34, 0.0, 0.0, 0.22, 0.11, 0.0, 0.23, 0.06], [0.11, 1.06, 97.72, 0.0, 0.06, 0.0, 0.0, 0.29, 0.57, 0.0, 0.17], [0.17, 0.41, 0.0, 98.34, 0.06, 0.28, 0.45, 0.0, 0.28, 0.0, 0.0], [0.0, 0.0, 0.0, 0.46, 99.33, 0.0, 0.0, 0.0, 0.23, 0.0, 0.0], [0.52, 0.06, 0.0, 0.11, 0.0, 99.22, 0.0, 0.11, 0.0, 0.0, 0.0], [0.0, 0.65, 0.12, 0.57, 0.0, 0.45, 97.94, 0.0, 0.34, 0.0, 0.0], [0.4, 0.18, 0.23, 0.06, 0.0, 0.28, 0.33, 98.28, 0.0, 0.23, 0.0], [0.06, 0.0, 0.7, 0.0, 0.5, 0.0, 0.17, 0.0, 98.58, 0.0, 0.0], [0.0, 0.47, 0.29, 0.34, 0.0, 0.0, 0.0, 0.0, 0.0, 98.91, 0.0], [0.0, 0.12, 0.0, 0.0, 0.0, 0.0, 0.0, 0.0, 0.06, 0.0, 99.83]]
97.65	97.12	97.72	98.34	99.33	99.22	97.94	98.28	98.58	98.91	99.83	

 confusionMatrix[[97.82, 0.12, 0.35, 0.23, 0.06, 1.18, 0.06, 0.11, 0.0, 0.06, 0.0], [0.0, 97.07, 1.98, 0.0, 0.0, 0.34, 0.17, 0.06, 0.0, 0.29, 0.06], [0.11, 1.12, 97.61, 0.0, 0.06, 0.0, 0.0, 0.34, 0.57, 0.0, 0.17], [0.11, 0.41, 0.0, 98.57, 0.06, 0.28, 0.33, 0.06, 0.17, 0.0, 0.0], [0.0, 0.0, 0.0, 0.34, 99.44, 0.0, 0.0, 0.0, 0.23, 0.0, 0.0], [0.52, 0.06, 0.0, 0.11, 0.0, 99.22, 0.0, 0.11, 0.0, 0.0, 0.0], [0.0, 0.29, 0.29, 0.11, 0.0, 0.5, 98.44, 0.11, 0.28, 0.0, 0.0], [0.57, 0.18, 0.47, 0.0, 0.0, 0.28, 0.33, 98.16, 0.0, 0.0, 0.0], [0.06, 0.0, 0.64, 0.0, 0.5, 0.0, 0.17, 0.0, 98.63, 0.0, 0.0], [0.0, 0.65, 0.29, 0.11, 0.0, 0.17, 0.0, 0.0, 0.0, 98.8, 0.0], [0.0, 0.06, 0.06, 0.0, 0.0, 0.0, 0.06, 0.0, 0.0, 0.0, 99.83]]
97.82	97.07	97.61	98.57	99.44	99.22	98.44	98.16	98.63	98.8	99.83	

 confusionMatrix[[97.82, 0.0, 0.41, 0.23, 0.06, 1.18, 0.22, 0.06, 0.0, 0.0, 0.0], [0.0, 96.83, 1.87, 0.34, 0.0, 0.0, 0.22, 0.17, 0.0, 0.46, 0.06], [0.11, 1.12, 97.84, 0.0, 0.06, 0.0, 0.06, 0.06, 0.57, 0.0, 0.17], [0.11, 0.41, 0.06, 98.46, 0.11, 0.28, 0.33, 0.06, 0.17, 0.0, 0.0], [0.0, 0.0, 0.0, 0.51, 99.27, 0.0, 0.0, 0.0, 0.23, 0.0, 0.0], [0.52, 0.06, 0.0, 0.11, 0.0, 99.22, 0.0, 0.11, 0.0, 0.0, 0.0], [0.0, 0.23, 0.29, 0.29, 0.0, 0.5, 98.33, 0.11, 0.28, 0.0, 0.0], [0.4, 0.18, 0.41, 0.06, 0.0, 0.28, 0.17, 98.22, 0.0, 0.29, 0.0], [0.23, 0.0, 0.53, 0.0, 0.5, 0.0, 0.17, 0.0, 98.58, 0.0, 0.0], [0.0, 0.47, 0.29, 0.34, 0.0, 0.0, 0.0, 0.0, 0.0, 98.91, 0.0], [0.0, 0.06, 0.06, 0.0, 0.0, 0.0, 0.06, 0.0, 0.0, 0.0, 99.83]]
97.82	96.83	97.84	98.46	99.27	99.22	98.33	98.22	98.58	98.91	99.83	

 confusionMatrix[[96.55, 0.06, 0.06, 0.51, 0.0, 2.07, 0.33, 0.17, 0.06, 0.06, 0.06], [0.06, 97.07, 1.4, 0.4, 0.0, 0.0, 0.06, 0.34, 0.0, 0.17, 0.46], [0.0, 1.58, 97.26, 0.0, 0.0, 0.0, 0.06, 0.06, 0.68, 0.17, 0.17], [0.06, 0.06, 0.0, 99.14, 0.06, 0.17, 0.22, 0.06, 0.0, 0.23, 0.0], [0.0, 0.0, 0.0, 0.0, 100.0, 0.0, 0.0, 0.0, 0.0, 0.0, 0.0], [1.38, 0.0, 0.0, 0.46, 0.0, 97.81, 0.0, 0.06, 0.11, 0.23, 0.0], [0.11, 0.12, 0.06, 1.26, 0.0, 0.06, 98.16, 0.0, 0.06, 0.23, 0.0], [0.75, 0.12, 0.41, 0.74, 0.0, 0.28, 0.33, 96.9, 0.17, 0.29, 0.0], [0.06, 0.23, 1.28, 0.23, 0.0, 0.11, 0.11, 0.06, 97.95, 0.0, 0.0], [0.0, 0.53, 0.0, 0.11, 0.0, 0.34, 0.0, 0.11, 0.0, 98.91, 0.0], [0.0, 0.06, 0.06, 0.0, 0.0, 0.0, 0.22, 0.0, 0.0, 0.0, 99.65]]
96.55	97.07	97.26	99.14	100.0	97.81	98.16	96.9	97.95	98.91	99.65	

 confusionMatrix[[97.99, 0.47, 0.53, 0.11, 0.11, 0.0, 0.22, 0.06, 0.28, 0.23, 0.0], [0.23, 96.89, 1.93, 0.0, 0.0, 0.0, 0.0, 0.06, 0.0, 0.57, 0.29], [0.29, 2.41, 95.74, 0.06, 0.0, 0.0, 0.0, 0.11, 0.97, 0.0, 0.4], [0.11, 0.0, 0.0, 98.17, 0.22, 0.11, 0.28, 0.57, 0.4, 0.11, 0.0], [0.0, 0.0, 0.0, 0.29, 99.72, 0.0, 0.0, 0.0, 0.0, 0.0, 0.0], [0.23, 0.0, 0.0, 0.51, 0.22, 98.82, 0.0, 0.23, 0.0, 0.0, 0.0], [0.06, 0.53, 0.18, 1.14, 0.22, 0.0, 97.38, 0.29, 0.17, 0.06, 0.06], [0.4, 1.0, 0.18, 0.17, 0.0, 0.17, 0.06, 97.7, 0.0, 0.0, 0.35], [0.17, 0.0, 0.29, 0.06, 0.0, 0.0, 0.0, 0.0, 99.49, 0.0, 0.0], [0.0, 0.65, 0.12, 0.06, 0.0, 0.17, 0.0, 0.11, 0.06, 98.85, 0.0], [0.0, 0.12, 0.0, 0.0, 0.22, 0.0, 0.0, 0.0, 0.0, 0.0, 99.65]]
97.99	96.89	95.74	98.17	99.72	98.82	97.38	97.7	99.49	98.85	99.65	

 confusionMatrix[[98.28, 0.12, 0.12, 0.23, 0.22, 0.28, 0.39, 0.29, 0.0, 0.06, 0.0], [0.06, 96.36, 2.04, 0.0, 0.0, 0.0, 0.67, 0.34, 0.17, 0.23, 0.06], [0.0, 1.35, 95.33, 0.0, 0.0, 0.0, 0.78, 0.75, 1.14, 0.17, 0.4], [0.06, 0.35, 0.0, 98.52, 0.17, 0.5, 0.0, 0.23, 0.17, 0.0, 0.0], [0.0, 0.0, 0.0, 0.0, 99.94, 0.0, 0.0, 0.06, 0.0, 0.0, 0.0], [0.8, 0.0, 0.0, 0.0, 0.28, 97.59, 0.0, 0.69, 0.34, 0.34, 0.0], [0.46, 0.35, 0.12, 0.34, 0.11, 0.0, 98.33, 0.11, 0.0, 0.23, 0.0], [0.8, 0.18, 0.18, 0.29, 0.0, 0.28, 0.33, 97.87, 0.0, 0.06, 0.0], [0.46, 0.0, 0.41, 0.06, 0.0, 0.22, 0.06, 0.0, 98.69, 0.11, 0.0], [0.46, 0.18, 0.06, 0.23, 0.0, 0.0, 0.17, 0.0, 0.0, 98.91, 0.0], [0.11, 0.18, 0.06, 0.0, 0.0, 0.0, 0.17, 0.0, 0.0, 0.0, 99.48]]
98.28	96.36	95.33	98.52	99.94	97.59	98.33	97.87	98.69	98.91	99.48	

 confusionMatrix[[97.36, 0.18, 0.41, 0.34, 0.0, 0.84, 0.17, 0.11, 0.17, 0.17, 0.23], [0.92, 95.66, 3.15, 0.0, 0.0, 0.0, 0.0, 0.0, 0.0, 0.23, 0.0], [0.52, 2.29, 95.27, 0.0, 0.0, 0.0, 0.17, 0.0, 1.03, 0.57, 0.12], [0.11, 0.23, 0.64, 97.32, 0.06, 0.39, 0.06, 0.69, 0.11, 0.4, 0.0], [0.0, 0.0, 0.0, 0.4, 99.61, 0.0, 0.0, 0.0, 0.0, 0.0, 0.0], [0.23, 0.0, 0.0, 0.51, 0.62, 98.15, 0.0, 0.34, 0.17, 0.0, 0.0], [0.34, 0.06, 0.06, 0.57, 0.0, 0.28, 97.1, 0.06, 0.06, 0.63, 0.92], [0.29, 0.18, 0.58, 0.11, 0.0, 0.17, 0.06, 98.51, 0.0, 0.11, 0.0], [0.0, 0.0, 0.76, 0.11, 0.0, 0.17, 0.33, 0.0, 98.63, 0.0, 0.0], [0.11, 0.65, 0.23, 0.0, 0.0, 0.17, 0.0, 0.0, 0.0, 98.85, 0.0], [0.0, 0.06, 0.12, 0.0, 0.0, 0.0, 0.0, 0.0, 0.0, 0.0, 99.83]]
97.36	95.66	95.27	97.32	99.61	98.15	97.1	98.51	98.63	98.85	99.83	

 confusionMatrix[[96.27, 0.53, 0.0, 0.0, 0.0, 2.69, 0.28, 0.11, 0.0, 0.0, 0.06], [0.29, 94.01, 4.2, 0.0, 0.0, 0.0, 0.0, 0.0, 0.0, 1.43, 0.0], [0.0, 4.93, 93.47, 0.0, 0.0, 0.0, 0.0, 0.0, 0.85, 0.11, 0.63], [0.11, 0.0, 0.06, 98.52, 0.56, 0.5, 0.22, 0.0, 0.0, 0.0, 0.0], [0.0, 0.0, 0.0, 0.0, 100.0, 0.0, 0.0, 0.0, 0.0, 0.0, 0.0], [2.07, 0.0, 0.0, 0.0, 0.0, 97.2, 0.0, 0.06, 0.17, 0.57, 0.0], [0.06, 0.18, 0.18, 0.17, 0.0, 0.06, 97.32, 0.0, 0.57, 0.34, 1.21], [0.06, 0.59, 0.12, 0.0, 0.0, 0.22, 0.06, 98.39, 0.0, 0.57, 0.0], [1.15, 0.0, 0.18, 0.06, 0.0, 0.45, 0.0, 0.0, 98.18, 0.0, 0.0], [0.0, 0.29, 0.41, 0.0, 0.0, 0.34, 0.0, 0.17, 0.0, 98.8, 0.0], [0.0, 0.06, 0.06, 0.0, 0.06, 0.0, 0.0, 0.0, 0.0, 0.0, 99.83]]
96.27	94.01	93.47	98.52	100.0	97.2	97.32	98.39	98.18	98.8	99.83	

 confusionMatrix[[97.99, 0.41, 0.0, 0.0, 0.0, 0.78, 0.39, 0.06, 0.28, 0.0, 0.06], [0.0, 97.12, 2.22, 0.0, 0.0, 0.11, 0.22, 0.11, 0.0, 0.17, 0.0], [0.0, 1.47, 96.67, 0.0, 0.0, 0.0, 0.0, 0.46, 0.63, 0.17, 0.58], [0.17, 0.23, 0.0, 98.06, 0.28, 0.22, 0.39, 0.34, 0.06, 0.17, 0.06], [0.0, 0.0, 0.0, 0.0, 100.0, 0.0, 0.0, 0.0, 0.0, 0.0, 0.0], [0.46, 0.0, 0.0, 0.17, 0.06, 99.05, 0.0, 0.23, 0.06, 0.0, 0.0], [0.06, 0.35, 0.23, 0.4, 0.0, 0.06, 95.87, 0.63, 0.63, 0.0, 1.9], [0.0, 0.41, 0.06, 0.06, 0.0, 0.11, 0.06, 99.2, 0.06, 0.06, 0.0], [0.34, 0.0, 0.41, 0.06, 0.0, 0.0, 0.17, 0.0, 99.03, 0.0, 0.0], [0.0, 0.23, 0.18, 0.06, 0.0, 0.0, 0.0, 0.29, 0.0, 99.25, 0.0], [0.0, 0.18, 0.0, 0.0, 0.11, 0.0, 0.0, 0.0, 0.0, 0.0, 99.71]]
97.99	97.12	96.67	98.06	100.0	99.05	95.87	99.2	99.03	99.25	99.71	



EXPERIMENTO 4 
1200 GESTOS




 confusionMatrix[[82.4, 2.26, 1.57, 0.12, 0.36, 11.97, 0.35, 0.35, 0.0, 0.0, 0.0], [1.59, 80.5, 13.3, 2.22, 0.0, 1.53, 0.0, 0.35, 0.0, 0.47, 0.24], [1.83, 8.56, 86.7, 0.47, 0.12, 0.94, 0.46, 0.0, 0.73, 0.0, 0.0], [0.24, 2.62, 1.69, 94.74, 0.0, 0.12, 0.0, 0.47, 0.0, 0.24, 0.0], [0.0, 0.0, 0.0, 0.0, 100.0, 0.0, 0.0, 0.0, 0.0, 0.0, 0.0], [13.45, 0.83, 0.0, 0.12, 0.0, 85.8, 0.0, 0.12, 0.0, 0.24, 0.0], [0.0, 0.12, 1.09, 0.7, 0.0, 0.12, 92.68, 1.3, 3.76, 0.0, 0.48], [0.24, 0.0, 0.12, 0.47, 0.0, 0.35, 0.81, 97.28, 0.12, 0.59, 0.0], [0.0, 0.59, 0.24, 0.0, 0.0, 0.0, 0.12, 0.0, 99.03, 0.0, 0.0], [0.0, 0.12, 0.0, 0.0, 0.0, 0.82, 0.0, 1.06, 0.0, 98.0, 0.0], [0.0, 0.0, 0.0, 0.0, 0.0, 0.0, 0.0, 0.0, 0.0, 0.0, 100.0]]
82.4	80.5	86.7	94.74	100.0	85.8	92.68	97.28	99.03	98.0	100.0	

 confusionMatrix[[98.9, 0.24, 0.24, 0.12, 0.0, 0.12, 0.23, 0.12, 0.0, 0.0, 0.0], [0.37, 96.91, 1.93, 0.0, 0.0, 0.0, 0.0, 0.83, 0.0, 0.0, 0.0], [0.12, 1.31, 98.55, 0.0, 0.0, 0.0, 0.0, 0.0, 0.0, 0.0, 0.0], [0.0, 0.0, 0.0, 97.89, 0.72, 0.47, 0.12, 0.0, 0.0, 0.83, 0.0], [0.0, 0.0, 0.0, 0.0, 100.0, 0.0, 0.0, 0.0, 0.0, 0.0, 0.0], [0.49, 0.0, 0.0, 1.4, 0.12, 97.77, 0.0, 0.24, 0.0, 0.0, 0.0], [0.24, 0.0, 0.0, 1.05, 0.0, 0.12, 98.49, 0.0, 0.12, 0.0, 0.0], [0.0, 0.36, 0.0, 0.0, 0.0, 0.12, 0.23, 98.7, 0.0, 0.59, 0.0], [0.0, 0.0, 1.09, 0.0, 0.0, 0.0, 0.0, 0.0, 98.91, 0.0, 0.0], [0.0, 0.0, 0.0, 0.0, 0.0, 0.0, 0.0, 0.0, 0.0, 100.0, 0.0], [0.0, 0.0, 0.0, 0.0, 0.0, 0.0, 0.0, 0.0, 0.0, 0.0, 100.0]]
98.9	96.91	98.55	97.89	100.0	97.77	98.49	98.7	98.91	100.0	100.0	

 confusionMatrix[[99.27, 0.12, 0.12, 0.0, 0.0, 0.12, 0.23, 0.12, 0.0, 0.0, 0.0], [0.37, 97.38, 2.06, 0.0, 0.0, 0.0, 0.0, 0.24, 0.0, 0.0, 0.0], [0.0, 1.19, 98.79, 0.0, 0.0, 0.0, 0.0, 0.0, 0.0, 0.0, 0.0], [0.0, 0.0, 0.0, 97.89, 0.72, 0.59, 0.0, 0.0, 0.0, 0.83, 0.0], [0.0, 0.0, 0.0, 0.0, 100.0, 0.0, 0.0, 0.0, 0.0, 0.0, 0.0], [0.49, 0.0, 0.0, 0.82, 0.12, 98.36, 0.0, 0.24, 0.0, 0.0, 0.0], [0.24, 0.0, 0.0, 1.4, 0.0, 0.12, 98.14, 0.0, 0.12, 0.0, 0.0], [0.0, 0.0, 0.0, 0.12, 0.0, 0.0, 0.23, 99.05, 0.0, 0.59, 0.0], [0.0, 0.0, 1.09, 0.0, 0.0, 0.0, 0.0, 0.0, 98.91, 0.0, 0.0], [0.0, 0.0, 0.0, 0.0, 0.0, 0.0, 0.0, 0.0, 0.0, 100.0, 0.0], [0.0, 0.0, 0.0, 0.0, 0.0, 0.0, 0.0, 0.0, 0.0, 0.0, 100.0]]
99.27	97.38	98.79	97.89	100.0	98.36	98.14	99.05	98.91	100.0	100.0	

 confusionMatrix[[98.41, 0.48, 0.12, 0.12, 0.0, 0.12, 0.23, 0.24, 0.0, 0.24, 0.0], [0.37, 96.79, 2.06, 0.0, 0.0, 0.0, 0.0, 0.83, 0.0, 0.0, 0.0], [0.12, 1.43, 97.82, 0.0, 0.0, 0.0, 0.58, 0.0, 0.0, 0.0, 0.0], [0.0, 0.0, 0.0, 97.78, 0.72, 0.59, 0.12, 0.0, 0.0, 0.83, 0.0], [0.0, 0.0, 0.0, 0.0, 100.0, 0.0, 0.0, 0.0, 0.0, 0.0, 0.0], [0.49, 0.0, 0.0, 0.7, 0.12, 98.47, 0.0, 0.24, 0.0, 0.0, 0.0], [0.12, 0.0, 0.0, 1.05, 0.0, 0.12, 98.49, 0.12, 0.12, 0.0, 0.0], [0.0, 0.24, 0.0, 0.47, 0.0, 0.0, 0.23, 98.46, 0.0, 0.59, 0.0], [0.0, 0.0, 1.09, 0.0, 0.0, 0.0, 0.0, 0.0, 98.91, 0.0, 0.0], [0.12, 0.0, 0.0, 0.0, 0.0, 0.0, 0.0, 0.0, 0.0, 99.88, 0.0], [0.0, 0.0, 0.0, 0.0, 0.0, 0.0, 0.0, 0.0, 0.0, 0.0, 100.0]]
98.41	96.79	97.82	97.78	100.0	98.47	98.49	98.46	98.91	99.88	100.0	

 confusionMatrix[[98.04, 0.48, 0.12, 0.12, 0.0, 0.12, 0.23, 0.35, 0.0, 0.47, 0.0], [0.37, 97.38, 2.06, 0.0, 0.0, 0.0, 0.0, 0.24, 0.0, 0.0, 0.0], [0.0, 1.31, 98.67, 0.0, 0.0, 0.0, 0.0, 0.0, 0.0, 0.0, 0.0], [0.0, 0.0, 0.0, 97.78, 0.72, 0.59, 0.12, 0.0, 0.0, 0.83, 0.0], [0.0, 0.0, 0.0, 0.0, 100.0, 0.0, 0.0, 0.0, 0.0, 0.0, 0.0], [0.49, 0.0, 0.0, 0.94, 0.12, 98.24, 0.0, 0.24, 0.0, 0.0, 0.0], [0.12, 0.0, 0.0, 1.05, 0.0, 0.12, 98.49, 0.12, 0.12, 0.0, 0.0], [0.0, 0.0, 0.0, 0.47, 0.0, 0.0, 0.23, 98.7, 0.0, 0.59, 0.0], [0.0, 0.0, 1.09, 0.0, 0.0, 0.0, 0.0, 0.0, 98.91, 0.0, 0.0], [0.12, 0.0, 0.0, 0.0, 0.0, 0.0, 0.0, 0.0, 0.0, 99.88, 0.0], [0.0, 0.0, 0.0, 0.0, 0.0, 0.0, 0.0, 0.0, 0.0, 0.0, 100.0]]
98.04	97.38	98.67	97.78	100.0	98.24	98.49	98.7	98.91	99.88	100.0	

 confusionMatrix[[95.97, 0.48, 0.97, 0.0, 0.24, 1.17, 0.0, 0.83, 0.0, 0.12, 0.12], [0.12, 97.86, 1.57, 0.0, 0.0, 0.0, 0.23, 0.0, 0.0, 0.24, 0.0], [0.49, 0.48, 97.94, 0.0, 0.0, 0.23, 0.58, 0.0, 0.0, 0.0, 0.24], [0.0, 0.0, 0.0, 98.25, 0.0, 0.35, 0.58, 0.12, 0.0, 0.24, 0.48], [0.0, 0.0, 0.0, 0.0, 100.0, 0.0, 0.0, 0.0, 0.0, 0.0, 0.0], [2.32, 0.0, 0.0, 0.47, 0.0, 97.18, 0.0, 0.0, 0.0, 0.12, 0.0], [0.0, 0.59, 0.6, 0.7, 0.0, 0.12, 96.98, 0.0, 0.36, 0.71, 0.0], [0.12, 0.12, 0.12, 0.12, 0.0, 0.0, 0.0, 99.29, 0.0, 0.24, 0.0], [0.0, 0.0, 0.0, 0.0, 0.0, 0.0, 0.0, 0.0, 100.0, 0.0, 0.0], [0.12, 0.0, 0.0, 0.0, 0.0, 1.29, 0.0, 0.0, 0.0, 98.58, 0.0], [0.0, 0.0, 0.0, 0.0, 0.0, 0.0, 0.0, 0.0, 0.0, 0.0, 100.0]]
95.97	97.86	97.94	98.25	100.0	97.18	96.98	99.29	100.0	98.58	100.0	

 confusionMatrix[[96.09, 0.36, 1.33, 0.0, 0.0, 1.53, 0.46, 0.0, 0.12, 0.0, 0.0], [0.0, 97.38, 2.54, 0.0, 0.0, 0.12, 0.0, 0.0, 0.0, 0.0, 0.0], [0.0, 3.33, 96.37, 0.0, 0.0, 0.0, 0.0, 0.0, 0.24, 0.0, 0.0], [0.86, 0.0, 0.0, 98.13, 0.24, 0.0, 0.35, 0.0, 0.49, 0.0, 0.0], [0.0, 0.0, 0.0, 0.0, 100.0, 0.0, 0.0, 0.0, 0.0, 0.0, 0.0], [1.59, 0.0, 0.0, 0.12, 0.0, 97.89, 0.0, 0.35, 0.0, 0.12, 0.0], [0.24, 0.24, 0.12, 1.17, 0.0, 0.47, 94.89, 0.35, 2.67, 0.0, 0.0], [2.32, 0.0, 0.0, 0.7, 0.0, 0.94, 0.0, 96.1, 0.0, 0.0, 0.0], [0.49, 0.0, 0.0, 0.0, 0.0, 0.0, 0.0, 0.0, 99.51, 0.0, 0.0], [0.0, 0.0, 0.0, 0.0, 0.0, 0.0, 0.0, 0.0, 0.0, 100.0, 0.0], [0.0, 0.0, 0.24, 0.0, 0.0, 0.0, 0.0, 0.0, 0.0, 0.0, 99.76]]
96.09	97.38	96.37	98.13	100.0	97.89	94.89	96.1	99.51	100.0	99.76	

 confusionMatrix[[97.07, 0.0, 0.24, 0.35, 0.0, 1.64, 0.35, 0.12, 0.12, 0.0, 0.0], [0.0, 96.08, 3.02, 0.23, 0.0, 0.12, 0.35, 0.0, 0.0, 0.24, 0.0], [0.0, 3.09, 96.49, 0.12, 0.0, 0.0, 0.0, 0.0, 0.24, 0.0, 0.0], [0.0, 0.0, 0.0, 99.77, 0.0, 0.0, 0.23, 0.0, 0.0, 0.0, 0.0], [0.0, 0.0, 0.0, 0.0, 100.0, 0.0, 0.0, 0.0, 0.0, 0.0, 0.0], [1.47, 0.0, 0.0, 0.47, 0.36, 97.77, 0.0, 0.0, 0.0, 0.0, 0.0], [0.49, 0.12, 0.0, 1.52, 0.0, 0.35, 96.86, 0.24, 0.36, 0.12, 0.0], [0.98, 1.19, 0.0, 0.7, 0.0, 0.23, 1.39, 95.51, 0.0, 0.0, 0.0], [0.24, 0.0, 0.12, 0.0, 0.0, 0.0, 0.0, 0.0, 99.64, 0.0, 0.0], [0.0, 0.0, 0.12, 0.0, 0.0, 0.0, 0.0, 0.0, 0.0, 99.88, 0.0], [0.0, 0.12, 0.0, 0.0, 0.0, 0.0, 0.0, 0.0, 0.0, 0.0, 99.88]]
97.07	96.08	96.49	99.77	100.0	97.77	96.86	95.51	99.64	99.88	99.88	

 confusionMatrix[[94.13, 0.71, 1.33, 1.29, 0.0, 0.59, 0.0, 0.83, 0.73, 0.12, 0.12], [0.24, 95.72, 3.63, 0.0, 0.0, 0.0, 0.0, 0.35, 0.0, 0.12, 0.0], [0.0, 2.38, 96.98, 0.0, 0.0, 0.0, 0.12, 0.0, 0.49, 0.0, 0.0], [0.0, 0.0, 0.12, 98.25, 0.0, 0.94, 0.46, 0.12, 0.12, 0.0, 0.0], [0.0, 0.0, 0.0, 0.0, 100.0, 0.0, 0.0, 0.0, 0.0, 0.0, 0.0], [0.12, 0.0, 0.0, 0.94, 0.0, 98.83, 0.0, 0.12, 0.0, 0.0, 0.0], [1.71, 0.0, 0.0, 1.87, 0.0, 0.35, 94.54, 1.18, 0.24, 0.24, 0.0], [0.86, 0.59, 0.0, 0.23, 0.0, 0.0, 0.58, 97.16, 0.12, 0.47, 0.0], [0.0, 0.0, 0.0, 0.0, 0.0, 0.0, 0.0, 0.0, 100.0, 0.0, 0.0], [0.0, 0.48, 0.12, 0.23, 0.0, 0.0, 0.0, 0.24, 0.0, 98.94, 0.0], [0.0, 0.0, 0.0, 0.0, 0.0, 0.0, 0.0, 0.0, 0.0, 0.0, 100.0]]
94.13	95.72	96.98	98.25	100.0	98.83	94.54	97.16	100.0	98.94	100.0	

 confusionMatrix[[93.77, 0.71, 0.0, 0.47, 0.0, 3.99, 0.23, 0.24, 0.12, 0.12, 0.12], [0.12, 92.51, 6.29, 0.0, 0.0, 0.0, 0.0, 0.12, 0.0, 1.06, 0.0], [0.0, 4.28, 95.16, 0.0, 0.0, 0.0, 0.0, 0.0, 0.49, 0.0, 0.0], [0.37, 0.24, 0.12, 97.31, 0.12, 0.7, 1.16, 0.0, 0.0, 0.0, 0.0], [0.0, 0.0, 0.0, 0.0, 100.0, 0.0, 0.0, 0.0, 0.0, 0.0, 0.0], [2.93, 0.0, 0.0, 0.0, 0.0, 95.31, 0.0, 0.0, 0.0, 1.89, 0.0], [0.0, 0.12, 0.0, 0.82, 0.0, 0.12, 96.98, 0.71, 0.61, 0.0, 0.72], [0.0, 0.36, 0.0, 0.35, 0.0, 0.35, 0.7, 97.75, 0.0, 0.47, 0.0], [0.61, 0.0, 0.0, 0.0, 0.0, 0.0, 0.0, 0.0, 99.39, 0.0, 0.0], [0.0, 0.48, 0.0, 0.0, 0.0, 0.12, 0.0, 0.24, 0.0, 99.17, 0.0], [0.0, 0.12, 0.0, 0.0, 0.0, 0.0, 0.0, 0.0, 0.0, 0.0, 99.88]]
93.77	92.51	95.16	97.31	100.0	95.31	96.98	97.75	99.39	99.17	99.88	

 confusionMatrix[[96.82, 0.71, 0.12, 0.58, 0.0, 0.82, 0.35, 0.24, 0.0, 0.12, 0.12], [0.24, 97.74, 1.69, 0.12, 0.0, 0.0, 0.12, 0.0, 0.0, 0.12, 0.0], [0.0, 2.02, 96.74, 0.0, 0.0, 0.0, 0.23, 0.0, 0.97, 0.0, 0.0], [1.71, 0.36, 0.0, 95.91, 0.0, 0.12, 1.05, 0.95, 0.0, 0.0, 0.0], [0.0, 0.0, 0.0, 0.0, 100.0, 0.0, 0.0, 0.0, 0.0, 0.0, 0.0], [1.34, 0.0, 0.0, 0.12, 0.0, 98.47, 0.0, 0.12, 0.0, 0.0, 0.0], [0.0, 0.71, 0.0, 0.47, 0.0, 0.12, 96.98, 0.47, 0.73, 0.0, 0.6], [0.0, 0.83, 0.0, 0.23, 0.0, 0.23, 0.12, 98.11, 0.0, 0.47, 0.0], [0.37, 0.0, 0.24, 0.0, 0.0, 0.12, 0.12, 0.0, 99.15, 0.0, 0.0], [0.0, 0.0, 0.0, 0.23, 0.0, 0.0, 0.0, 0.71, 0.0, 99.06, 0.0], [0.0, 0.12, 0.0, 0.0, 0.0, 0.0, 0.0, 0.0, 0.0, 0.0, 99.88]]
96.82	97.74	96.74	95.91	100.0	98.47	96.98	98.11	99.15	99.06	99.88	







EXPERIMENTO 5 1200

KNN(3)
 confusionMatrix[[80.88, 1.91, 0.94, 0.12, 0.49, 14.61, 0.23, 0.48, 0.0, 0.0], [0.73, 84.84, 11.78, 0.72, 0.12, 1.44, 0.0, 0.12, 0.0, 0.12], [1.71, 9.55, 86.34, 0.24, 0.12, 0.84, 0.7, 0.24, 0.47, 0.0], [0.37, 3.22, 1.41, 94.84, 0.0, 0.0, 0.0, 0.12, 0.0, 0.0], [0.0, 0.0, 0.0, 0.0, 100.0, 0.0, 0.0, 0.0, 0.0, 0.0], [11.08, 1.07, 0.12, 0.12, 0.0, 87.78, 0.0, 0.0, 0.0, 0.0], [0.0, 0.12, 0.24, 0.96, 0.0, 0.0, 92.45, 1.43, 4.63, 0.35], [0.0, 0.24, 0.0, 0.24, 0.0, 0.48, 0.0, 98.93, 0.12, 0.0], [0.0, 0.24, 0.59, 0.0, 0.0, 0.0, 0.23, 0.0, 98.93, 0.0], [0.0, 0.0, 0.0, 0.0, 0.0, 0.0, 0.0, 0.0, 0.0, 100.0]]
80.88	84.84	86.34	94.84	100.0	87.78	92.45	98.93	98.93	100.0	

KNN(5)
 confusionMatrix[[79.29, 1.91, 1.06, 0.12, 0.61, 15.81, 0.12, 0.59, 0.12, 0.0], [0.61, 82.82, 12.96, 0.84, 0.12, 2.04, 0.0, 0.36, 0.0, 0.12], [1.83, 8.23, 87.4, 0.24, 0.37, 1.2, 0.12, 0.48, 0.36, 0.0], [0.24, 2.98, 1.77, 94.48, 0.0, 0.36, 0.0, 0.12, 0.0, 0.0], [0.0, 0.0, 0.0, 0.0, 100.0, 0.0, 0.0, 0.0, 0.0, 0.0], [11.69, 1.91, 0.12, 0.0, 0.0, 86.47, 0.0, 0.0, 0.0, 0.0], [0.0, 0.12, 0.82, 0.96, 0.0, 0.0, 90.82, 1.66, 5.46, 0.35], [0.0, 0.12, 0.0, 0.24, 0.0, 0.6, 0.0, 98.93, 0.12, 0.0], [0.0, 0.36, 0.59, 0.0, 0.0, 0.0, 0.12, 0.0, 98.93, 0.0], [0.0, 0.0, 0.0, 0.0, 0.0, 0.0, 0.0, 0.0, 0.0, 100.0]]
79.29	82.82	87.4	94.48	100.0	86.47	90.82	98.93	98.93	100.0	

KNN(7)
 confusionMatrix[[78.93, 1.67, 1.06, 0.12, 0.86, 16.17, 0.12, 0.59, 0.12, 0.0], [1.1, 80.79, 14.25, 0.84, 0.12, 2.16, 0.0, 0.36, 0.0, 0.23], [1.71, 7.28, 88.81, 0.36, 0.37, 0.84, 0.0, 0.48, 0.36, 0.0], [0.24, 3.34, 1.88, 94.0, 0.0, 0.36, 0.0, 0.12, 0.0, 0.0], [0.0, 0.0, 0.0, 0.0, 100.0, 0.0, 0.0, 0.0, 0.0, 0.0], [11.94, 1.55, 0.12, 0.0, 0.0, 86.59, 0.0, 0.0, 0.0, 0.0], [0.0, 0.24, 0.94, 0.96, 0.0, 0.0, 89.78, 1.55, 6.17, 0.58], [0.0, 0.12, 0.0, 0.24, 0.0, 0.6, 0.0, 98.93, 0.12, 0.0], [0.0, 0.36, 0.59, 0.0, 0.0, 0.0, 0.12, 0.0, 98.93, 0.0], [0.0, 0.0, 0.0, 0.0, 0.0, 0.0, 0.0, 0.0, 0.0, 100.0]]
78.93	80.79	88.81	94.0	100.0	86.59	89.78	98.93	98.93	100.0	

TREE(2)
 confusionMatrix[[97.44, 0.48, 0.82, 0.0, 0.0, 0.48, 0.0, 0.71, 0.0, 0.0], [0.37, 96.66, 2.59, 0.0, 0.0, 0.0, 0.0, 0.0, 0.0, 0.35], [0.12, 1.55, 97.88, 0.0, 0.0, 0.0, 0.35, 0.0, 0.12, 0.0], [0.0, 0.12, 0.0, 98.8, 0.37, 0.48, 0.0, 0.24, 0.0, 0.0], [0.0, 0.0, 0.0, 0.0, 100.0, 0.0, 0.0, 0.0, 0.0, 0.0], [0.0, 0.0, 0.0, 0.36, 0.12, 98.44, 0.35, 0.71, 0.0, 0.0], [0.61, 0.24, 0.0, 0.6, 0.0, 0.0, 98.37, 0.0, 0.24, 0.0], [0.0, 0.0, 0.24, 0.12, 0.0, 0.0, 0.7, 98.93, 0.0, 0.0], [0.0, 0.0, 0.24, 0.0, 0.0, 0.0, 0.12, 0.0, 99.64, 0.0], [0.0, 0.0, 0.0, 0.0, 0.0, 0.0, 0.0, 0.0, 0.0, 100.0]]
97.44	96.66	97.88	98.8	100.0	98.44	98.37	98.93	99.64	100.0	

TREE(3)
 confusionMatrix[[97.81, 0.36, 0.71, 0.0, 0.0, 0.36, 0.0, 0.71, 0.0, 0.0], [0.37, 96.66, 2.59, 0.0, 0.0, 0.0, 0.0, 0.0, 0.0, 0.35], [0.0, 0.84, 98.7, 0.0, 0.0, 0.0, 0.35, 0.0, 0.12, 0.0], [0.0, 0.0, 0.0, 98.92, 0.37, 0.48, 0.0, 0.24, 0.0, 0.0], [0.0, 0.0, 0.0, 0.0, 100.0, 0.0, 0.0, 0.0, 0.0, 0.0], [0.0, 0.0, 0.0, 0.36, 0.12, 98.44, 0.35, 0.71, 0.0, 0.0], [0.61, 0.0, 0.0, 0.12, 0.0, 0.0, 99.07, 0.0, 0.24, 0.0], [0.0, 0.0, 0.24, 0.24, 0.0, 0.0, 0.0, 99.52, 0.0, 0.0], [0.0, 0.0, 0.24, 0.0, 0.0, 0.0, 0.12, 0.0, 99.64, 0.0], [0.0, 0.0, 0.0, 0.0, 0.0, 0.0, 0.0, 0.0, 0.0, 100.0]]
97.81	96.66	98.7	98.92	100.0	98.44	99.07	99.52	99.64	100.0	

TREE(5)
 confusionMatrix[[97.44, 0.36, 0.82, 0.0, 0.0, 0.36, 0.0, 0.83, 0.12, 0.0], [0.37, 96.54, 2.71, 0.0, 0.0, 0.0, 0.0, 0.0, 0.0, 0.35], [0.12, 1.07, 98.35, 0.0, 0.0, 0.0, 0.35, 0.0, 0.12, 0.0], [0.0, 0.12, 0.0, 98.8, 0.37, 0.48, 0.0, 0.24, 0.0, 0.0], [0.0, 0.0, 0.0, 0.0, 100.0, 0.0, 0.0, 0.0, 0.0, 0.0], [0.24, 0.0, 0.0, 0.24, 0.0, 98.44, 0.35, 0.71, 0.0, 0.0], [0.61, 0.24, 0.0, 0.6, 0.0, 0.0, 98.37, 0.0, 0.24, 0.0], [0.0, 0.12, 0.24, 0.12, 0.0, 0.0, 0.0, 99.52, 0.0, 0.0], [0.0, 0.0, 0.24, 0.0, 0.0, 0.0, 0.12, 0.0, 99.64, 0.0], [0.0, 0.0, 0.0, 0.0, 0.0, 0.0, 0.0, 0.0, 0.0, 100.0]]
97.44	96.54	98.35	98.8	100.0	98.44	98.37	99.52	99.64	100.0	

TREE(7)
 confusionMatrix[[97.56, 0.24, 0.94, 0.0, 0.0, 0.36, 0.0, 0.71, 0.12, 0.0], [0.37, 95.94, 2.94, 0.0, 0.0, 0.0, 0.35, 0.0, 0.0, 0.35], [0.0, 1.07, 98.82, 0.0, 0.0, 0.0, 0.0, 0.0, 0.12, 0.0], [0.0, 0.0, 0.0, 98.8, 0.37, 0.48, 0.12, 0.24, 0.0, 0.0], [0.0, 0.0, 0.0, 0.0, 100.0, 0.0, 0.0, 0.0, 0.0, 0.0], [0.24, 0.0, 0.0, 0.12, 0.12, 98.44, 0.35, 0.71, 0.0, 0.0], [0.61, 0.0, 0.0, 0.6, 0.0, 0.0, 98.61, 0.0, 0.24, 0.0], [0.24, 0.0, 0.0, 0.12, 0.0, 0.0, 0.12, 99.52, 0.0, 0.0], [0.0, 0.0, 0.24, 0.0, 0.0, 0.0, 0.12, 0.0, 99.64, 0.0], [0.0, 0.0, 0.0, 0.0, 0.0, 0.0, 0.0, 0.0, 0.0, 100.0]]
97.56	95.94	98.82	98.8	100.0	98.44	98.61	99.52	99.64	100.0	

TREE(2)
 confusionMatrix[[96.59, 0.12, 0.71, 0.36, 0.0, 1.56, 0.12, 0.48, 0.0, 0.0], [0.0, 97.49, 2.47, 0.0, 0.0, 0.0, 0.0, 0.0, 0.0, 0.0], [0.0, 2.86, 96.94, 0.0, 0.0, 0.0, 0.0, 0.0, 0.24, 0.0], [0.97, 0.0, 0.0, 98.08, 0.49, 0.36, 0.12, 0.0, 0.0, 0.0], [0.0, 0.0, 0.0, 0.0, 100.0, 0.0, 0.0, 0.0, 0.0, 0.0], [0.85, 0.0, 0.12, 0.48, 0.0, 98.56, 0.0, 0.0, 0.0, 0.0], [0.12, 0.0, 0.12, 1.2, 0.0, 0.0, 98.14, 0.0, 0.47, 0.0], [0.97, 0.0, 0.12, 0.84, 0.0, 0.12, 0.0, 97.98, 0.0, 0.0], [0.0, 0.0, 0.24, 0.0, 0.0, 0.0, 0.0, 0.0, 99.76, 0.0], [0.0, 0.0, 0.35, 0.0, 0.0, 0.0, 0.0, 0.0, 0.0, 99.65]]
96.59	97.49	96.94	98.08	100.0	98.56	98.14	97.98	99.76	99.65	

TREE(3)
 confusionMatrix[[97.44, 0.12, 0.0, 0.12, 0.0, 0.96, 0.23, 1.07, 0.0, 0.0], [0.0, 98.81, 1.18, 0.0, 0.0, 0.0, 0.0, 0.0, 0.0, 0.0], [0.49, 3.1, 95.88, 0.0, 0.0, 0.0, 0.23, 0.12, 0.0, 0.23], [0.61, 0.0, 0.0, 97.24, 0.12, 1.08, 0.93, 0.0, 0.0, 0.0], [0.0, 0.0, 0.0, 0.0, 100.0, 0.0, 0.0, 0.0, 0.0, 0.0], [0.97, 0.6, 0.0, 0.6, 0.0, 97.01, 0.0, 0.83, 0.0, 0.0], [1.83, 0.0, 0.0, 0.12, 0.0, 0.0, 96.75, 0.48, 0.71, 0.23], [0.73, 0.24, 0.0, 0.0, 0.12, 0.36, 0.12, 98.45, 0.0, 0.0], [0.0, 0.0, 0.0, 0.0, 0.0, 0.0, 0.0, 0.0, 100.0, 0.0], [0.0, 0.0, 0.0, 0.0, 0.0, 0.0, 0.0, 0.0, 0.0, 100.0]]
97.44	98.81	95.88	97.24	100.0	97.01	96.75	98.45	100.0	100.0	

TREE(5)
 confusionMatrix[[98.9, 0.0, 0.12, 0.0, 0.0, 0.6, 0.12, 0.24, 0.0, 0.0], [0.24, 96.9, 2.83, 0.0, 0.0, 0.0, 0.0, 0.0, 0.0, 0.0], [0.24, 1.07, 98.35, 0.0, 0.0, 0.0, 0.12, 0.0, 0.24, 0.0], [0.97, 0.0, 0.0, 97.24, 0.98, 0.72, 0.12, 0.0, 0.0, 0.0], [0.0, 0.0, 0.0, 0.0, 100.0, 0.0, 0.0, 0.0, 0.0, 0.0], [0.61, 0.0, 0.0, 0.36, 0.25, 98.56, 0.0, 0.24, 0.0, 0.0], [1.71, 0.0, 0.0, 0.36, 0.0, 0.36, 96.75, 0.24, 0.59, 0.12], [0.85, 0.0, 0.12, 0.0, 0.0, 0.12, 0.12, 98.81, 0.0, 0.0], [0.0, 0.0, 0.47, 0.0, 0.0, 0.0, 0.0, 0.0, 99.53, 0.0], [0.0, 0.0, 0.0, 0.0, 0.0, 0.0, 0.0, 0.0, 0.0, 100.0]]
98.9	96.9	98.35	97.24	100.0	98.56	96.75	98.81	99.53	100.0	

TREE(7)
 confusionMatrix[[98.54, 0.24, 0.0, 0.6, 0.0, 0.12, 0.35, 0.12, 0.0, 0.0], [0.12, 98.09, 1.65, 0.12, 0.0, 0.0, 0.0, 0.0, 0.0, 0.0], [0.12, 1.19, 98.47, 0.0, 0.0, 0.12, 0.0, 0.0, 0.0, 0.12], [0.12, 0.24, 0.0, 99.28, 0.0, 0.0, 0.12, 0.24, 0.0, 0.0], [0.0, 0.0, 0.0, 0.0, 100.0, 0.0, 0.0, 0.0, 0.0, 0.0], [0.49, 0.0, 0.0, 0.96, 0.0, 98.08, 0.12, 0.36, 0.0, 0.0], [2.07, 2.03, 0.35, 0.12, 0.12, 0.0, 94.89, 0.0, 0.59, 0.0], [0.49, 0.0, 0.24, 0.72, 0.0, 0.24, 0.0, 98.34, 0.0, 0.0], [0.0, 0.0, 0.0, 0.0, 0.12, 0.0, 0.0, 0.0, 99.88, 0.0], [0.0, 0.0, 0.35, 0.0, 0.12, 0.0, 0.0, 0.0, 0.0, 99.54]]
98.54	98.09	98.47	99.28	100.0	98.08	94.89	98.34	99.88	99.54	

SVM(1)
 confusionMatrix[[82.34, 2.03, 1.18, 0.12, 0.25, 12.69, 0.46, 0.59, 0.0, 0.0], [0.49, 85.32, 11.31, 0.96, 0.0, 1.32, 0.35, 0.12, 0.0, 0.0], [1.1, 7.52, 88.46, 0.48, 0.0, 0.24, 2.21, 0.0, 0.12, 0.0], [0.37, 2.63, 0.94, 95.08, 0.0, 0.0, 0.81, 0.12, 0.0, 0.0], [0.0, 0.0, 0.0, 0.0, 100.0, 0.0, 0.0, 0.0, 0.0, 0.0], [15.23, 0.36, 0.0, 0.0, 0.0, 83.95, 0.7, 0.0, 0.0, 0.0], [0.0, 0.12, 0.0, 0.36, 0.0, 0.0, 96.75, 0.59, 2.25, 0.0], [0.0, 0.12, 0.0, 0.12, 0.0, 0.36, 2.32, 97.03, 0.0, 0.0], [0.0, 0.24, 0.35, 0.0, 0.0, 0.0, 1.16, 0.0, 98.22, 0.0], [0.0, 0.0, 0.0, 0.0, 0.0, 0.0, 0.46, 0.0, 0.0, 99.54]]
82.34	85.32	88.46	95.08	100.0	83.95	96.75	97.03	98.22	99.54	

SVM(2)
 confusionMatrix[[82.34, 2.03, 1.18, 0.12, 0.25, 12.69, 0.46, 0.59, 0.0, 0.0], [0.49, 85.32, 11.31, 0.96, 0.0, 1.32, 0.35, 0.12, 0.0, 0.0], [1.1, 7.52, 88.46, 0.48, 0.0, 0.24, 2.21, 0.0, 0.12, 0.0], [0.37, 2.63, 0.94, 95.08, 0.0, 0.0, 0.81, 0.12, 0.0, 0.0], [0.0, 0.0, 0.0, 0.0, 100.0, 0.0, 0.0, 0.0, 0.0, 0.0], [15.23, 0.36, 0.0, 0.0, 0.0, 83.95, 0.7, 0.0, 0.0, 0.0], [0.0, 0.12, 0.0, 0.36, 0.0, 0.0, 96.75, 0.59, 2.25, 0.0], [0.0, 0.12, 0.0, 0.12, 0.0, 0.36, 2.32, 97.03, 0.0, 0.0], [0.0, 0.24, 0.35, 0.0, 0.0, 0.0, 1.16, 0.0, 98.22, 0.0], [0.0, 0.0, 0.0, 0.0, 0.0, 0.0, 0.46, 0.0, 0.0, 99.54]]
82.34	85.32	88.46	95.08	100.0	83.95	96.75	97.03	98.22	99.54	

SVM(3)
 confusionMatrix[[82.34, 2.03, 1.18, 0.12, 0.25, 12.69, 0.46, 0.59, 0.0, 0.0], [0.49, 85.32, 11.31, 0.96, 0.0, 1.32, 0.35, 0.12, 0.0, 0.0], [1.1, 7.52, 88.46, 0.48, 0.0, 0.24, 2.21, 0.0, 0.12, 0.0], [0.37, 2.63, 0.94, 95.08, 0.0, 0.0, 0.81, 0.12, 0.0, 0.0], [0.0, 0.0, 0.0, 0.0, 100.0, 0.0, 0.0, 0.0, 0.0, 0.0], [15.23, 0.36, 0.0, 0.0, 0.0, 83.95, 0.7, 0.0, 0.0, 0.0], [0.0, 0.12, 0.0, 0.36, 0.0, 0.0, 96.75, 0.59, 2.25, 0.0], [0.0, 0.12, 0.0, 0.12, 0.0, 0.36, 2.32, 97.03, 0.0, 0.0], [0.0, 0.24, 0.35, 0.0, 0.0, 0.0, 1.16, 0.0, 98.22, 0.0], [0.0, 0.0, 0.0, 0.0, 0.0, 0.0, 0.46, 0.0, 0.0, 99.54]]
82.34	85.32	88.46	95.08	100.0	83.95	96.75	97.03	98.22	99.54	

SVM(1)
 confusionMatrix[[67.36, 1.55, 2.36, 0.0, 0.49, 26.95, 0.12, 0.48, 0.12, 0.0], [1.1, 76.97, 19.08, 0.96, 0.37, 0.96, 0.0, 0.24, 0.0, 0.12], [12.18, 7.52, 76.44, 0.0, 0.0, 0.96, 3.02, 0.0, 0.36, 0.0], [0.73, 6.44, 5.54, 82.11, 2.94, 1.08, 0.58, 0.48, 0.0, 0.0], [0.0, 0.0, 0.0, 0.0, 97.92, 2.04, 0.0, 0.0, 0.0, 0.0], [23.39, 5.61, 1.3, 0.0, 0.0, 70.06, 0.0, 0.0, 0.0, 0.0], [0.0, 0.12, 0.0, 0.6, 0.0, 0.12, 91.29, 1.55, 6.29, 0.23], [0.0, 0.0, 0.0, 0.72, 0.0, 0.72, 0.0, 98.22, 0.36, 0.0], [0.12, 0.0, 0.47, 0.0, 0.0, 0.0, 0.12, 0.24, 99.05, 0.0], [0.0, 0.0, 0.0, 0.0, 0.0, 0.0, 0.0, 0.0, 0.0, 100.0]]
67.36	76.97	76.44	82.11	97.92	70.06	91.29	98.22	99.05	100.0	

SVM(2)
 confusionMatrix[[93.91, 1.19, 0.0, 0.0, 0.0, 4.43, 0.12, 0.12, 0.0, 0.12], [0.24, 94.39, 5.06, 0.0, 0.0, 0.0, 0.0, 0.0, 0.0, 0.23], [0.12, 6.56, 92.93, 0.0, 0.0, 0.0, 0.23, 0.0, 0.24, 0.0], [1.46, 0.24, 0.12, 97.36, 0.0, 0.84, 0.0, 0.0, 0.0, 0.0], [0.0, 0.0, 0.0, 0.0, 100.0, 0.0, 0.0, 0.0, 0.0, 0.0], [2.19, 0.0, 0.0, 0.0, 0.0, 97.49, 0.0, 0.36, 0.0, 0.0], [0.24, 0.0, 0.24, 1.32, 0.0, 0.0, 96.28, 0.12, 0.47, 1.39], [0.0, 0.0, 0.0, 0.6, 0.0, 0.48, 0.12, 98.81, 0.0, 0.0], [0.0, 0.0, 0.24, 0.24, 0.0, 0.0, 0.0, 0.0, 99.53, 0.0], [0.0, 0.0, 0.0, 0.0, 0.0, 0.0, 0.0, 0.0, 0.0, 100.0]]
93.91	94.39	92.93	97.36	100.0	97.49	96.28	98.81	99.53	100.0	

SVM(3)
 confusionMatrix[[97.93, 0.72, 0.12, 0.12, 0.0, 0.84, 0.12, 0.0, 0.0, 0.12], [0.12, 97.73, 1.41, 0.12, 0.0, 0.0, 0.0, 0.0, 0.36, 0.23], [0.0, 1.79, 97.41, 0.0, 0.0, 0.0, 0.0, 0.24, 0.59, 0.0], [1.34, 0.36, 0.35, 97.0, 0.0, 0.6, 0.23, 0.12, 0.0, 0.0], [0.0, 0.0, 0.0, 0.0, 100.0, 0.0, 0.0, 0.0, 0.0, 0.0], [0.24, 0.6, 0.0, 0.48, 0.0, 98.68, 0.0, 0.0, 0.0, 0.0], [0.73, 1.43, 0.35, 0.84, 0.0, 0.0, 95.01, 0.48, 0.12, 1.16], [0.0, 0.24, 0.0, 0.6, 0.0, 0.24, 0.35, 98.57, 0.0, 0.0], [0.0, 0.0, 0.12, 0.0, 0.0, 0.0, 0.23, 0.0, 99.64, 0.0], [0.0, 0.0, 0.0, 0.0, 0.0, 0.0, 0.0, 0.0, 0.0, 100.0]]
97.93	97.73	97.41	97.0	100.0	98.68	95.01	98.57	99.64	100.0	




EXPERIMENTO 6   2500 GESTOS


KNN(3)
 confusionMatrix[[76.45, 2.13, 1.51, 0.4, 0.06, 19.35, 0.17, 0.55, 0.06, 0.0], [0.9, 84.82, 11.24, 0.79, 0.17, 1.34, 0.23, 0.39, 0.11, 0.06], [0.51, 7.13, 90.56, 0.28, 0.11, 0.12, 0.29, 0.11, 0.75, 0.06], [0.11, 1.84, 1.85, 95.35, 0.4, 0.06, 0.12, 0.33, 0.0, 0.0], [0.0, 0.0, 0.0, 0.0, 100.0, 0.0, 0.0, 0.0, 0.0, 0.0], [8.19, 0.81, 0.06, 0.0, 0.0, 90.56, 0.0, 0.0, 0.11, 0.0], [0.0, 0.63, 0.93, 0.51, 0.06, 0.0, 92.19, 0.83, 4.37, 0.4], [0.0, 0.63, 0.29, 0.74, 0.0, 0.29, 0.06, 98.01, 0.06, 0.0], [0.34, 0.12, 0.7, 0.0, 0.06, 0.76, 0.29, 0.0, 97.76, 0.0], [0.0, 0.0, 0.17, 0.0, 0.23, 0.0, 0.0, 0.0, 0.0, 99.6]]
76.45	84.82	90.56	95.35	100.0	90.56	92.19	98.01	97.76	99.6	

KNN(5)
 confusionMatrix[[76.17, 1.73, 1.39, 0.4, 0.28, 19.99, 0.17, 0.55, 0.0, 0.0], [1.58, 82.98, 12.34, 0.74, 0.28, 1.63, 0.0, 0.39, 0.11, 0.0], [0.73, 6.1, 91.48, 0.28, 0.06, 0.12, 0.35, 0.06, 0.75, 0.0], [0.0, 2.01, 2.2, 94.22, 0.62, 0.23, 0.12, 0.66, 0.0, 0.0], [0.0, 0.0, 0.0, 0.0, 100.0, 0.0, 0.0, 0.0, 0.0, 0.0], [9.15, 0.69, 0.06, 0.0, 0.0, 89.8, 0.0, 0.0, 0.0, 0.0], [0.0, 0.69, 1.1, 0.4, 0.06, 0.06, 91.32, 0.77, 5.0, 0.52], [0.0, 0.63, 0.29, 0.91, 0.0, 0.29, 0.06, 97.84, 0.06, 0.0], [0.34, 0.17, 0.52, 0.0, 0.06, 0.76, 0.29, 0.0, 97.87, 0.0], [0.0, 0.0, 0.12, 0.0, 0.34, 0.0, 0.0, 0.0, 0.0, 99.54]]
76.17	82.98	91.48	94.22	100.0	89.8	91.32	97.84	97.87	99.54	

KNN(7)
 confusionMatrix[[74.87, 1.67, 1.45, 0.74, 0.4, 20.86, 0.12, 0.55, 0.06, 0.0], [1.41, 82.58, 12.34, 0.68, 0.34, 2.1, 0.06, 0.44, 0.06, 0.06], [0.79, 6.33, 91.25, 0.28, 0.06, 0.17, 0.17, 0.0, 0.86, 0.0], [0.0, 2.13, 2.43, 93.59, 0.91, 0.29, 0.06, 0.66, 0.0, 0.0], [0.0, 0.0, 0.0, 0.0, 100.0, 0.0, 0.0, 0.0, 0.0, 0.0], [9.54, 1.32, 0.12, 0.0, 0.0, 88.64, 0.0, 0.06, 0.0, 0.0], [0.0, 0.52, 1.33, 0.34, 0.06, 0.06, 90.74, 0.88, 5.28, 0.69], [0.0, 0.69, 0.41, 0.91, 0.0, 0.35, 0.06, 97.62, 0.06, 0.0], [0.28, 0.17, 0.75, 0.0, 0.06, 0.82, 0.17, 0.0, 97.76, 0.0], [0.0, 0.0, 0.12, 0.0, 0.4, 0.0, 0.0, 0.0, 0.0, 99.48]]
74.87	82.58	91.25	93.59	100.0	88.64	90.74	97.62	97.76	99.48	

TREE(2)
 confusionMatrix[[98.36, 0.35, 0.17, 0.0, 0.06, 0.41, 0.06, 0.22, 0.4, 0.0], [0.06, 98.56, 1.22, 0.0, 0.0, 0.0, 0.0, 0.0, 0.06, 0.11], [1.02, 1.38, 96.52, 0.0, 0.0, 0.0, 0.06, 0.11, 0.63, 0.23], [0.11, 0.06, 0.0, 97.79, 1.08, 0.17, 0.69, 0.0, 0.11, 0.0], [0.0, 0.0, 0.0, 0.34, 99.66, 0.0, 0.0, 0.0, 0.0, 0.0], [0.23, 0.0, 0.0, 0.34, 0.0, 99.42, 0.0, 0.0, 0.0, 0.0], [0.17, 0.4, 0.17, 0.51, 0.06, 0.0, 98.15, 0.0, 0.4, 0.11], [0.11, 0.52, 0.17, 0.0, 0.0, 0.35, 0.06, 98.73, 0.0, 0.11], [0.34, 0.0, 0.46, 0.0, 0.06, 0.12, 0.23, 0.06, 98.74, 0.0], [0.0, 0.06, 0.17, 0.0, 0.0, 0.0, 0.17, 0.0, 0.0, 99.6]]
98.36	98.56	96.52	97.79	99.66	99.42	98.15	98.73	98.74	99.6	

TREE(3)
 confusionMatrix[[98.08, 0.23, 0.17, 0.06, 0.06, 0.17, 0.81, 0.28, 0.0, 0.17], [0.11, 98.68, 0.93, 0.0, 0.0, 0.0, 0.17, 0.0, 0.06, 0.06], [1.19, 1.5, 95.94, 0.06, 0.0, 0.0, 0.0, 0.5, 0.63, 0.11], [0.34, 0.06, 0.0, 97.68, 0.85, 0.17, 0.58, 0.11, 0.23, 0.0], [0.0, 0.0, 0.0, 0.34, 99.66, 0.0, 0.0, 0.0, 0.0, 0.0], [0.23, 0.0, 0.0, 0.34, 0.11, 99.3, 0.0, 0.0, 0.0, 0.0], [0.17, 0.58, 0.17, 0.68, 0.06, 0.0, 97.74, 0.06, 0.52, 0.0], [0.11, 0.58, 0.17, 0.0, 0.0, 0.41, 0.06, 98.73, 0.0, 0.0], [0.0, 0.0, 0.58, 0.0, 0.11, 0.12, 0.17, 0.0, 99.02, 0.0], [0.56, 0.0, 0.17, 0.0, 0.0, 0.0, 0.0, 0.0, 0.0, 99.25]]
98.08	98.68	95.94	97.68	99.66	99.3	97.74	98.73	99.02	99.25	

TREE(5)
 confusionMatrix[[97.85, 0.17, 0.17, 0.06, 0.0, 0.17, 0.75, 0.28, 0.57, 0.0], [0.06, 98.79, 0.81, 0.06, 0.0, 0.0, 0.17, 0.0, 0.0, 0.11], [1.13, 1.67, 96.41, 0.0, 0.0, 0.0, 0.0, 0.06, 0.57, 0.11], [0.45, 0.0, 0.0, 98.36, 0.28, 0.17, 0.52, 0.0, 0.23, 0.0], [0.0, 0.0, 0.0, 0.34, 99.66, 0.0, 0.0, 0.0, 0.0, 0.0], [0.4, 0.0, 0.0, 0.23, 0.0, 99.07, 0.0, 0.17, 0.11, 0.0], [0.11, 0.63, 0.17, 0.68, 0.0, 0.0, 97.63, 0.22, 0.52, 0.0], [0.11, 0.29, 0.17, 0.0, 0.0, 0.35, 0.17, 98.67, 0.0, 0.29], [0.06, 0.0, 0.58, 0.0, 0.06, 0.06, 0.17, 0.06, 99.02, 0.0], [0.4, 0.06, 0.17, 0.0, 0.0, 0.0, 0.17, 0.0, 0.0, 99.2]]
97.85	98.79	96.41	98.36	99.66	99.07	97.63	98.67	99.02	99.2	

TREE(7)
 confusionMatrix[[98.08, 0.23, 0.17, 0.0, 0.0, 0.17, 0.81, 0.33, 0.17, 0.06], [0.06, 98.56, 1.22, 0.0, 0.0, 0.0, 0.0, 0.0, 0.06, 0.11], [1.19, 1.61, 94.96, 0.0, 0.0, 0.0, 0.06, 0.0, 2.01, 0.11], [0.28, 0.06, 0.0, 97.56, 0.96, 0.17, 0.35, 0.44, 0.17, 0.0], [0.0, 0.0, 0.0, 0.85, 98.64, 0.0, 0.52, 0.0, 0.0, 0.0], [0.28, 0.0, 0.0, 0.34, 0.0, 98.95, 0.0, 0.28, 0.11, 0.0], [0.23, 0.46, 0.17, 0.68, 0.06, 0.0, 97.63, 0.33, 0.29, 0.11], [0.11, 0.63, 0.29, 0.11, 0.0, 0.35, 0.06, 98.51, 0.0, 0.0], [0.06, 0.0, 0.58, 0.0, 0.11, 0.06, 0.17, 0.06, 98.97, 0.0], [0.4, 0.0, 0.17, 0.0, 0.0, 0.0, 0.17, 0.0, 0.0, 99.25]]
98.08	98.56	94.96	97.56	98.64	98.95	97.63	98.51	98.97	99.25	

TREE(2)
 confusionMatrix[[98.48, 0.23, 0.0, 0.23, 0.11, 0.23, 0.58, 0.11, 0.06, 0.0], [0.0, 96.55, 2.72, 0.0, 0.0, 0.0, 0.06, 0.5, 0.06, 0.11], [0.0, 1.38, 96.52, 0.85, 0.0, 0.0, 0.23, 0.06, 0.92, 0.0], [0.34, 0.06, 0.23, 98.3, 0.45, 0.06, 0.46, 0.0, 0.11, 0.0], [0.0, 0.0, 0.0, 0.0, 100.0, 0.0, 0.0, 0.0, 0.0, 0.0], [0.06, 0.0, 0.0, 0.17, 0.0, 99.36, 0.29, 0.06, 0.06, 0.0], [0.06, 0.12, 0.52, 0.23, 0.0, 0.0, 98.21, 0.17, 0.52, 0.17], [0.96, 0.29, 0.35, 0.11, 0.0, 0.47, 0.12, 97.68, 0.11, 0.0], [0.4, 0.0, 1.51, 0.06, 0.0, 0.0, 0.12, 0.17, 97.76, 0.0], [0.0, 0.17, 0.06, 0.0, 0.0, 0.0, 0.0, 0.0, 0.0, 99.77]]
98.48	96.55	96.52	98.3	100.0	99.36	98.21	97.68	97.76	99.77	

TREE(3)
 confusionMatrix[[96.5, 0.17, 0.06, 0.51, 0.0, 1.34, 0.29, 1.0, 0.17, 0.0], [0.0, 98.1, 1.51, 0.0, 0.0, 0.0, 0.0, 0.33, 0.0, 0.06], [0.45, 1.32, 96.23, 0.17, 0.0, 0.82, 0.35, 0.17, 0.46, 0.0], [0.06, 0.0, 0.0, 98.7, 0.57, 0.29, 0.17, 0.17, 0.06, 0.0], [0.0, 0.0, 0.0, 0.0, 99.89, 0.0, 0.12, 0.0, 0.0, 0.0], [0.73, 0.0, 0.0, 0.68, 0.17, 98.25, 0.0, 0.11, 0.0, 0.0], [0.06, 0.0, 0.12, 0.45, 0.06, 0.0, 99.07, 0.17, 0.0, 0.06], [0.9, 0.4, 0.23, 0.06, 0.0, 0.0, 0.06, 98.4, 0.0, 0.0], [0.17, 0.0, 0.35, 0.06, 0.0, 0.0, 0.06, 0.0, 99.37, 0.0], [0.0, 0.0, 0.06, 0.0, 0.0, 0.0, 0.0, 0.0, 0.0, 99.94]]
96.5	98.1	96.23	98.7	99.89	98.25	99.07	98.4	99.37	99.94	

TREE(5)
 confusionMatrix[[96.84, 0.06, 0.17, 0.51, 0.06, 0.82, 0.69, 0.77, 0.11, 0.0], [0.0, 97.53, 2.2, 0.0, 0.0, 0.0, 0.17, 0.11, 0.0, 0.0], [0.11, 2.19, 96.35, 0.11, 0.0, 0.0, 0.46, 0.22, 0.52, 0.0], [0.34, 0.0, 0.0, 98.75, 0.17, 0.17, 0.41, 0.17, 0.0, 0.0], [0.0, 0.0, 0.0, 0.06, 99.94, 0.0, 0.0, 0.0, 0.0, 0.0], [0.85, 0.0, 0.0, 0.85, 0.0, 97.9, 0.0, 0.0, 0.34, 0.0], [0.68, 0.17, 0.29, 0.62, 0.0, 0.0, 97.45, 0.33, 0.4, 0.0], [0.34, 0.06, 0.06, 0.0, 0.0, 0.47, 0.17, 98.95, 0.0, 0.0], [0.34, 0.0, 0.12, 0.23, 0.11, 0.0, 0.35, 0.0, 98.85, 0.0], [0.11, 0.0, 0.17, 0.0, 0.0, 0.0, 0.06, 0.0, 0.0, 99.66]]
96.84	97.53	96.35	98.75	99.94	97.9	97.45	98.95	98.85	99.66	

TREE(7)
 confusionMatrix[[95.82, 0.23, 0.12, 0.11, 0.34, 0.82, 0.29, 1.88, 0.4, 0.0], [0.0, 97.58, 1.91, 0.0, 0.0, 0.0, 0.0, 0.22, 0.06, 0.23], [0.9, 2.36, 94.9, 0.17, 0.0, 0.23, 0.0, 0.28, 0.63, 0.46], [0.56, 0.17, 0.0, 98.36, 0.51, 0.17, 0.23, 0.0, 0.0, 0.0], [0.0, 0.0, 0.0, 0.17, 99.83, 0.0, 0.0, 0.0, 0.0, 0.0], [0.79, 0.0, 0.0, 0.4, 0.0, 98.78, 0.0, 0.0, 0.0, 0.0], [0.51, 0.12, 0.29, 0.74, 0.0, 0.0, 97.74, 0.06, 0.34, 0.17], [0.73, 1.9, 0.46, 0.11, 0.0, 0.76, 0.17, 96.02, 0.0, 0.0], [0.0, 0.0, 0.12, 0.06, 0.17, 0.0, 0.41, 0.0, 99.25, 0.0], [0.0, 0.12, 0.06, 0.0, 0.0, 0.0, 0.0, 0.0, 0.0, 99.83]]
95.82	97.58	94.9	98.36	99.83	98.78	97.74	96.02	99.25	99.83	

SVM(1)
 confusionMatrix[[79.95, 1.73, 1.39, 0.11, 0.06, 15.62, 1.16, 0.55, 0.0, 0.0], [1.19, 84.99, 10.78, 0.85, 0.06, 0.82, 0.87, 0.44, 0.06, 0.0], [0.4, 6.44, 90.79, 0.34, 0.0, 0.12, 1.39, 0.0, 0.46, 0.0], [0.0, 1.44, 1.45, 95.35, 0.0, 0.0, 1.79, 0.06, 0.0, 0.0], [0.0, 0.0, 0.0, 0.06, 99.94, 0.0, 0.0, 0.0, 0.0, 0.0], [11.8, 0.63, 0.0, 0.0, 0.0, 87.12, 0.06, 0.0, 0.0, 0.0], [0.0, 0.23, 0.29, 0.23, 0.0, 0.0, 96.12, 0.39, 2.7, 0.0], [0.0, 0.4, 0.12, 0.57, 0.0, 0.23, 2.78, 96.02, 0.06, 0.0], [0.4, 0.06, 0.41, 0.0, 0.06, 0.7, 1.22, 0.0, 97.19, 0.0], [0.0, 0.06, 0.12, 0.0, 0.06, 0.0, 0.64, 0.0, 0.0, 99.14]]
79.95	84.99	90.79	95.35	99.94	87.12	96.12	96.02	97.19	99.14	

SVM(2)
 confusionMatrix[[79.95, 1.73, 1.39, 0.11, 0.06, 15.62, 1.16, 0.55, 0.0, 0.0], [1.19, 84.99, 10.78, 0.85, 0.06, 0.82, 0.87, 0.44, 0.06, 0.0], [0.4, 6.44, 90.79, 0.34, 0.0, 0.12, 1.39, 0.0, 0.46, 0.0], [0.0, 1.44, 1.45, 95.35, 0.0, 0.0, 1.79, 0.06, 0.0, 0.0], [0.0, 0.0, 0.0, 0.06, 99.94, 0.0, 0.0, 0.0, 0.0, 0.0], [11.8, 0.63, 0.0, 0.0, 0.0, 87.12, 0.06, 0.0, 0.0, 0.0], [0.0, 0.23, 0.29, 0.23, 0.0, 0.0, 96.12, 0.39, 2.7, 0.0], [0.0, 0.4, 0.12, 0.57, 0.0, 0.23, 2.78, 96.02, 0.06, 0.0], [0.4, 0.06, 0.41, 0.0, 0.06, 0.7, 1.22, 0.0, 97.19, 0.0], [0.0, 0.06, 0.12, 0.0, 0.06, 0.0, 0.64, 0.0, 0.0, 99.14]]
79.95	84.99	90.79	95.35	99.94	87.12	96.12	96.02	97.19	99.14	

SVM(3)
 confusionMatrix[[79.95, 1.73, 1.39, 0.11, 0.06, 15.62, 1.16, 0.55, 0.0, 0.0], [1.19, 84.99, 10.78, 0.85, 0.06, 0.82, 0.87, 0.44, 0.06, 0.0], [0.4, 6.44, 90.79, 0.34, 0.0, 0.12, 1.39, 0.0, 0.46, 0.0], [0.0, 1.44, 1.45, 95.35, 0.0, 0.0, 1.79, 0.06, 0.0, 0.0], [0.0, 0.0, 0.0, 0.06, 99.94, 0.0, 0.0, 0.0, 0.0, 0.0], [11.8, 0.63, 0.0, 0.0, 0.0, 87.12, 0.06, 0.0, 0.0, 0.0], [0.0, 0.23, 0.29, 0.23, 0.0, 0.0, 96.12, 0.39, 2.7, 0.0], [0.0, 0.4, 0.12, 0.57, 0.0, 0.23, 2.78, 96.02, 0.06, 0.0], [0.4, 0.06, 0.41, 0.0, 0.06, 0.7, 1.22, 0.0, 97.19, 0.0], [0.0, 0.06, 0.12, 0.0, 0.06, 0.0, 0.64, 0.0, 0.0, 99.14]]
79.95	84.99	90.79	95.35	99.94	87.12	96.12	96.02	97.19	99.14	

SVM(1)
 confusionMatrix[[67.08, 1.21, 3.3, 0.62, 0.23, 27.8, 0.12, 0.55, 0.06, 0.0], [1.13, 79.7, 17.15, 0.0, 0.4, 0.87, 0.12, 0.66, 0.0, 0.06], [9.99, 8.28, 76.42, 0.0, 0.0, 0.52, 2.03, 0.0, 2.41, 0.0], [0.0, 3.28, 2.84, 86.68, 3.86, 0.58, 0.17, 2.6, 0.06, 0.0], [0.0, 0.17, 0.0, 0.0, 98.81, 1.05, 0.0, 0.0, 0.0, 0.0], [15.98, 2.42, 0.35, 0.0, 0.11, 80.59, 0.0, 0.0, 0.0, 0.0], [0.0, 0.98, 0.06, 0.23, 0.0, 0.06, 88.48, 1.05, 8.62, 0.4], [0.0, 0.46, 0.17, 0.85, 0.0, 0.35, 0.0, 97.51, 0.75, 0.0], [0.34, 0.06, 0.29, 0.0, 0.0, 0.82, 0.06, 0.22, 98.22, 0.0], [0.0, 0.23, 0.12, 0.0, 0.34, 0.0, 0.0, 0.0, 0.0, 99.31]]
67.08	79.7	76.42	86.68	98.81	80.59	88.48	97.51	98.22	99.31	

SVM(2)
 confusionMatrix[[94.3, 1.5, 0.0, 0.0, 0.11, 3.55, 0.06, 0.55, 0.0, 0.06], [0.11, 95.17, 4.46, 0.0, 0.0, 0.06, 0.0, 0.22, 0.0, 0.0], [0.0, 4.54, 94.09, 0.0, 0.0, 0.0, 0.0, 0.0, 0.98, 0.34], [0.68, 0.0, 0.06, 97.62, 0.91, 0.29, 0.41, 0.0, 0.0, 0.06], [0.0, 0.0, 0.0, 0.0, 100.0, 0.0, 0.0, 0.0, 0.0, 0.0], [1.52, 0.0, 0.0, 0.0, 0.85, 97.55, 0.0, 0.0, 0.0, 0.0], [0.06, 0.63, 0.0, 0.11, 0.0, 0.06, 98.55, 0.0, 0.17, 0.4], [0.0, 0.46, 0.12, 0.0, 0.0, 0.35, 0.06, 99.06, 0.0, 0.0], [0.4, 0.0, 0.12, 0.06, 0.17, 0.41, 0.0, 0.0, 98.85, 0.0], [0.0, 0.23, 0.06, 0.0, 0.11, 0.0, 0.0, 0.0, 0.0, 99.6]]
94.3	95.17	94.09	97.62	100.0	97.55	98.55	99.06	98.85	99.6	

SVM(3)
 confusionMatrix[[96.56, 0.98, 0.06, 0.0, 0.0, 1.46, 0.29, 0.33, 0.34, 0.06], [0.0, 98.04, 1.16, 0.0, 0.06, 0.06, 0.29, 0.39, 0.0, 0.0], [0.0, 1.9, 97.22, 0.0, 0.0, 0.0, 0.0, 0.0, 0.57, 0.29], [0.56, 0.12, 0.0, 97.79, 0.4, 0.12, 0.87, 0.06, 0.06, 0.06], [0.0, 0.0, 0.0, 0.11, 99.89, 0.0, 0.0, 0.0, 0.0, 0.0], [0.68, 0.17, 0.0, 0.0, 0.0, 98.83, 0.0, 0.0, 0.29, 0.0], [0.06, 0.4, 0.06, 0.0, 0.0, 0.06, 98.15, 0.44, 0.23, 0.57], [0.0, 0.17, 0.17, 0.17, 0.0, 0.12, 0.41, 98.95, 0.06, 0.0], [0.11, 0.0, 0.35, 0.0, 0.0, 0.0, 0.23, 0.0, 99.31, 0.0], [0.0, 0.12, 0.0, 0.0, 0.17, 0.0, 0.0, 0.0, 0.0, 99.71]]
96.56	98.04	97.22	97.79	99.89	98.83	98.15	98.95	99.31	99.71	




EXPERIMENTO 7 1200 COM THREE CONCERTADO


KNN(3)
 confusionMatrix[[86.62, 1.63, 2.41, 0.17, 0.0, 9.38, 0.0, 0.0, 0.0, 0.0], [1.76, 80.94, 12.78, 0.87, 1.11, 2.12, 0.0, 0.53, 0.0, 0.0], [1.76, 5.81, 90.56, 0.35, 0.18, 0.53, 0.0, 0.0, 0.53, 0.0], [0.35, 6.72, 2.96, 84.82, 5.36, 0.53, 0.0, 0.0, 0.0, 0.0], [0.18, 0.91, 0.0, 1.05, 97.23, 0.53, 0.0, 0.0, 0.0, 0.0], [11.44, 0.18, 0.0, 0.0, 0.37, 87.96, 0.0, 0.0, 0.0, 0.0], [0.0, 0.73, 1.48, 0.0, 0.0, 0.0, 89.48, 1.06, 7.24, 0.36], [0.0, 0.18, 0.0, 0.0, 0.0, 0.88, 0.0, 98.94, 0.0, 0.0], [0.0, 0.54, 0.56, 0.0, 0.0, 0.0, 0.0, 0.53, 98.41, 0.0], [0.0, 0.0, 0.0, 0.0, 0.0, 0.0, 0.0, 0.0, 0.0, 100.0]]
86.62	80.94	90.56	84.82	97.23	87.96	89.48	98.94	98.41	100.0	

KNN(5)
 confusionMatrix[[85.56, 1.81, 2.04, 0.17, 0.0, 10.62, 0.0, 0.0, 0.0, 0.0], [1.76, 78.22, 14.26, 0.7, 1.85, 2.83, 0.0, 0.53, 0.0, 0.0], [2.29, 4.72, 90.93, 0.0, 0.55, 0.71, 0.0, 0.0, 0.53, 0.0], [0.18, 7.08, 3.89, 83.6, 5.55, 0.53, 0.0, 0.0, 0.0, 0.0], [0.18, 0.91, 0.37, 1.05, 96.86, 0.53, 0.0, 0.0, 0.0, 0.0], [14.26, 0.18, 0.0, 0.0, 0.0, 85.49, 0.0, 0.0, 0.0, 0.0], [0.0, 0.54, 1.48, 0.0, 0.0, 0.0, 88.79, 0.71, 8.48, 0.36], [0.0, 0.0, 0.0, 0.0, 0.0, 1.06, 0.0, 98.76, 0.18, 0.0], [0.0, 0.18, 0.56, 0.0, 0.0, 0.53, 0.0, 0.71, 98.06, 0.0], [0.0, 0.0, 0.0, 0.0, 0.0, 0.0, 0.0, 0.0, 0.0, 100.0]]
85.56	78.22	90.93	83.6	96.86	85.49	88.79	98.76	98.06	100.0	

KNN(7)
 confusionMatrix[[85.92, 2.18, 2.22, 0.17, 0.0, 9.73, 0.0, 0.0, 0.0, 0.0], [1.76, 79.13, 14.26, 0.52, 1.66, 2.3, 0.0, 0.53, 0.0, 0.0], [2.11, 4.36, 91.67, 0.0, 0.18, 0.71, 0.0, 0.0, 0.71, 0.0], [0.35, 7.62, 4.26, 81.5, 7.21, 0.0, 0.0, 0.0, 0.0, 0.0], [0.18, 0.91, 0.0, 0.87, 97.23, 0.71, 0.0, 0.0, 0.0, 0.0], [14.26, 0.18, 0.19, 0.0, 0.0, 85.31, 0.0, 0.0, 0.0, 0.0], [0.0, 0.54, 1.67, 0.0, 0.0, 0.0, 87.24, 0.53, 9.89, 0.54], [0.0, 0.0, 0.0, 0.0, 0.0, 1.06, 0.0, 98.76, 0.18, 0.0], [0.0, 0.0, 0.93, 0.0, 0.0, 0.53, 0.0, 0.88, 97.7, 0.0], [0.0, 0.0, 0.0, 0.0, 0.0, 0.0, 0.0, 0.0, 0.0, 100.0]]
85.92	79.13	91.67	81.5	97.23	85.31	87.24	98.76	97.7	100.0	

TREE(2)
 confusionMatrix[[97.01, 0.0, 0.93, 0.52, 0.0, 0.18, 1.21, 0.18, 0.0, 0.0], [0.0, 98.0, 1.11, 0.0, 0.0, 0.0, 0.17, 0.53, 0.0, 0.18], [0.0, 1.27, 98.7, 0.0, 0.0, 0.0, 0.0, 0.0, 0.0, 0.0], [0.0, 0.0, 0.0, 98.08, 0.92, 1.06, 0.0, 0.0, 0.0, 0.0], [0.0, 0.0, 0.0, 1.75, 97.97, 0.0, 0.0, 0.18, 0.0, 0.0], [0.0, 0.0, 0.0, 0.35, 0.0, 99.65, 0.0, 0.0, 0.0, 0.0], [0.18, 1.27, 0.37, 0.0, 0.0, 0.0, 95.86, 0.71, 0.53, 1.27], [0.88, 0.0, 0.0, 0.17, 0.0, 0.18, 2.24, 96.47, 0.0, 0.0], [0.0, 0.0, 0.0, 0.0, 0.0, 0.0, 0.0, 0.0, 100.0, 0.0], [0.0, 0.0, 0.0, 0.0, 0.0, 0.0, 0.17, 0.0, 0.0, 99.82]]
97.01	98.0	98.7	98.08	97.97	99.65	95.86	96.47	100.0	99.82	

TREE(3)
 confusionMatrix[[96.65, 0.0, 0.93, 0.52, 0.0, 0.18, 0.34, 1.41, 0.0, 0.0], [0.0, 98.0, 1.67, 0.0, 0.0, 0.0, 0.0, 0.18, 0.0, 0.18], [0.0, 1.45, 98.33, 0.0, 0.0, 0.0, 0.17, 0.0, 0.0, 0.0], [0.0, 0.0, 0.0, 97.73, 1.29, 0.88, 0.17, 0.0, 0.0, 0.0], [0.0, 0.0, 0.0, 0.7, 98.52, 0.0, 0.69, 0.0, 0.0, 0.0], [0.0, 0.0, 0.0, 0.7, 0.0, 99.29, 0.0, 0.0, 0.0, 0.0], [0.0, 1.09, 0.19, 0.0, 0.0, 0.0, 95.17, 2.83, 0.53, 0.36], [0.88, 0.0, 0.56, 0.35, 0.0, 0.0, 0.0, 98.23, 0.0, 0.0], [0.0, 0.0, 0.0, 0.0, 0.0, 0.0, 0.0, 0.0, 100.0, 0.0], [0.0, 0.0, 0.0, 0.0, 0.0, 0.0, 0.0, 0.0, 0.0, 100.0]]
96.65	98.0	98.33	97.73	98.52	99.29	95.17	98.23	100.0	100.0	

TREE(5)
 confusionMatrix[[96.83, 1.27, 0.93, 0.52, 0.0, 0.35, 0.0, 0.18, 0.0, 0.0], [0.18, 98.55, 1.11, 0.0, 0.0, 0.0, 0.0, 0.0, 0.0, 0.18], [0.0, 1.45, 98.52, 0.0, 0.0, 0.0, 0.0, 0.0, 0.0, 0.0], [0.0, 0.0, 0.0, 96.68, 1.66, 1.77, 0.0, 0.0, 0.0, 0.0], [0.0, 0.0, 0.0, 0.87, 98.71, 0.0, 0.0, 0.35, 0.0, 0.0], [0.0, 0.0, 0.0, 0.0, 0.0, 100.0, 0.0, 0.0, 0.0, 0.0], [0.18, 2.36, 0.74, 0.0, 0.0, 0.0, 94.66, 1.59, 0.35, 0.36], [0.88, 0.0, 0.0, 0.17, 0.0, 0.18, 1.03, 97.7, 0.0, 0.0], [0.0, 0.0, 0.0, 0.0, 0.0, 0.0, 0.0, 0.0, 100.0, 0.0], [0.0, 0.0, 0.0, 0.0, 0.0, 0.0, 0.0, 0.0, 0.0, 100.0]]
96.83	98.55	98.52	96.68	98.71	100.0	94.66	97.7	100.0	100.0	

TREE(7)
 confusionMatrix[[94.89, 1.27, 2.04, 1.05, 0.0, 0.18, 0.0, 0.18, 0.53, 0.0], [0.0, 98.91, 0.93, 0.0, 0.0, 0.0, 0.0, 0.18, 0.0, 0.0], [0.0, 2.18, 97.78, 0.0, 0.0, 0.0, 0.0, 0.0, 0.0, 0.0], [0.0, 0.0, 0.0, 98.25, 0.92, 0.88, 0.0, 0.0, 0.0, 0.0], [0.0, 0.0, 0.0, 1.4, 98.15, 0.0, 0.0, 0.35, 0.0, 0.0], [0.0, 0.0, 0.0, 0.7, 0.0, 99.29, 0.0, 0.0, 0.0, 0.0], [0.0, 2.18, 0.74, 0.0, 0.0, 0.0, 96.38, 0.0, 0.35, 0.54], [0.88, 0.18, 0.56, 0.35, 0.0, 0.0, 0.34, 97.7, 0.0, 0.0], [0.0, 0.0, 0.0, 0.0, 0.0, 0.0, 0.0, 0.0, 100.0, 0.0], [0.0, 0.18, 0.0, 0.0, 0.0, 0.0, 0.0, 0.0, 0.0, 99.82]]
94.89	98.91	97.78	98.25	98.15	99.29	96.38	97.7	100.0	99.82	

TREE(2)
 confusionMatrix[[95.95, 0.54, 0.0, 0.52, 0.0, 1.95, 0.0, 1.06, 0.0, 0.0], [0.0, 98.37, 1.3, 0.0, 0.0, 0.0, 0.0, 0.0, 0.0, 0.36], [0.0, 2.54, 97.22, 0.0, 0.0, 0.0, 0.0, 0.0, 0.18, 0.0], [0.35, 0.36, 0.0, 97.73, 0.0, 0.88, 0.0, 0.71, 0.0, 0.0], [0.0, 0.0, 0.0, 0.35, 99.45, 0.0, 0.0, 0.18, 0.0, 0.0], [0.88, 0.0, 0.0, 1.4, 0.0, 97.7, 0.0, 0.0, 0.0, 0.0], [0.0, 0.0, 0.0, 0.52, 0.55, 0.0, 97.07, 0.35, 1.59, 0.0], [0.53, 0.0, 0.0, 0.17, 0.0, 0.88, 0.0, 98.41, 0.0, 0.0], [0.0, 0.0, 0.0, 0.0, 0.0, 0.0, 0.0, 0.0, 100.0, 0.0], [0.0, 0.0, 0.0, 0.0, 0.0, 0.0, 0.0, 0.0, 0.0, 100.0]]
95.95	98.37	97.22	97.73	99.45	97.7	97.07	98.41	100.0	100.0	

TREE(3)
 confusionMatrix[[95.6, 0.54, 1.48, 0.35, 0.0, 1.77, 0.0, 0.35, 0.0, 0.0], [0.0, 97.46, 2.59, 0.0, 0.0, 0.0, 0.0, 0.0, 0.0, 0.0], [0.0, 2.0, 97.59, 0.0, 0.0, 0.0, 0.0, 0.0, 0.35, 0.0], [0.7, 0.0, 0.0, 96.86, 1.29, 0.53, 0.69, 0.0, 0.0, 0.0], [0.18, 0.0, 0.0, 0.35, 99.08, 0.0, 0.34, 0.0, 0.0, 0.0], [1.58, 0.0, 0.0, 0.35, 0.0, 98.05, 0.0, 0.0, 0.0, 0.0], [0.0, 0.0, 0.19, 0.7, 0.0, 0.0, 97.41, 1.24, 0.53, 0.0], [0.7, 0.36, 0.0, 0.52, 0.0, 0.35, 0.17, 97.88, 0.0, 0.0], [0.0, 0.0, 0.37, 0.0, 0.0, 0.0, 0.17, 0.0, 99.47, 0.0], [0.0, 0.0, 0.0, 0.0, 0.0, 0.0, 0.0, 0.0, 0.0, 100.0]]
95.6	97.46	97.59	96.86	99.08	98.05	97.41	97.88	99.47	100.0	

TREE(5)
 confusionMatrix[[95.25, 0.54, 1.48, 0.17, 0.0, 1.59, 0.17, 0.18, 0.18, 0.54], [0.18, 97.46, 2.41, 0.0, 0.0, 0.0, 0.0, 0.0, 0.0, 0.0], [0.35, 2.72, 95.74, 0.17, 0.0, 0.0, 0.0, 0.0, 0.71, 0.18], [1.41, 0.0, 0.0, 95.81, 0.0, 2.83, 0.0, 0.0, 0.0, 0.0], [0.0, 0.0, 0.0, 0.7, 99.26, 0.0, 0.0, 0.0, 0.0, 0.0], [0.18, 0.0, 0.0, 0.0, 0.0, 99.65, 0.0, 0.18, 0.0, 0.0], [0.0, 2.0, 0.74, 0.0, 0.0, 0.0, 95.17, 0.35, 1.94, 0.0], [0.88, 0.0, 0.0, 0.0, 0.0, 0.88, 1.21, 97.0, 0.0, 0.0], [0.0, 0.0, 0.0, 0.17, 0.0, 0.0, 0.0, 0.0, 99.82, 0.0], [0.0, 0.0, 0.93, 0.0, 0.0, 0.0, 0.0, 0.0, 0.0, 99.09]]
95.25	97.46	95.74	95.81	99.26	99.65	95.17	97.0	99.82	99.09	

TREE(7)
 confusionMatrix[[91.73, 0.36, 0.56, 0.0, 0.0, 3.36, 0.86, 0.71, 0.53, 2.0], [0.0, 99.09, 0.19, 0.0, 0.0, 0.0, 0.52, 0.0, 0.0, 0.18], [0.0, 2.54, 96.48, 0.0, 0.0, 0.0, 0.17, 0.0, 0.0, 0.73], [0.35, 0.0, 0.0, 97.03, 0.55, 1.59, 0.34, 0.18, 0.0, 0.0], [0.0, 0.54, 0.0, 0.52, 98.34, 0.53, 0.0, 0.0, 0.0, 0.0], [0.18, 0.0, 0.0, 1.22, 0.0, 98.58, 0.0, 0.0, 0.0, 0.0], [1.06, 0.36, 1.48, 0.0, 0.0, 1.42, 95.17, 0.18, 0.53, 0.0], [2.29, 0.0, 0.0, 1.05, 0.0, 0.0, 0.0, 96.64, 0.0, 0.0], [0.0, 0.0, 0.37, 0.0, 0.0, 0.0, 0.0, 0.0, 99.65, 0.0], [0.0, 0.0, 0.0, 0.0, 0.0, 0.0, 0.0, 0.0, 0.0, 100.0]]
91.73	99.09	96.48	97.03	98.34	98.58	95.17	96.64	99.65	100.0	

SVM(1)
 confusionMatrix[[88.38, 2.0, 2.04, 0.7, 0.0, 7.08, 0.0, 0.0, 0.0, 0.0], [1.23, 83.67, 11.67, 1.92, 0.18, 1.24, 0.0, 0.18, 0.0, 0.0], [1.06, 5.26, 91.67, 1.4, 0.0, 0.35, 0.0, 0.0, 0.0, 0.0], [0.0, 3.63, 2.41, 91.62, 2.77, 0.0, 0.0, 0.0, 0.0, 0.0], [0.0, 1.09, 0.0, 1.57, 96.49, 0.71, 0.0, 0.0, 0.0, 0.0], [13.38, 0.54, 0.0, 0.0, 0.0, 86.02, 0.0, 0.0, 0.0, 0.0], [0.0, 0.0, 0.74, 6.98, 0.0, 0.0, 89.31, 0.71, 2.47, 0.0], [0.0, 0.18, 0.0, 2.27, 0.0, 0.71, 0.69, 96.11, 0.0, 0.0], [0.0, 0.0, 0.93, 1.57, 0.0, 0.0, 0.0, 0.35, 97.17, 0.0], [0.0, 0.0, 0.0, 0.17, 0.0, 0.0, 0.0, 0.0, 0.0, 99.82]]
88.38	83.67	91.67	91.62	96.49	86.02	89.31	96.11	97.17	99.82	

SVM(2)
 confusionMatrix[[88.38, 2.0, 2.04, 0.7, 0.0, 7.08, 0.0, 0.0, 0.0, 0.0], [1.23, 83.67, 11.67, 1.92, 0.18, 1.24, 0.0, 0.18, 0.0, 0.0], [1.06, 5.26, 91.67, 1.4, 0.0, 0.35, 0.0, 0.0, 0.0, 0.0], [0.0, 3.63, 2.41, 91.62, 2.77, 0.0, 0.0, 0.0, 0.0, 0.0], [0.0, 1.09, 0.0, 1.57, 96.49, 0.71, 0.0, 0.0, 0.0, 0.0], [13.38, 0.54, 0.0, 0.0, 0.0, 86.02, 0.0, 0.0, 0.0, 0.0], [0.0, 0.0, 0.74, 6.98, 0.0, 0.0, 89.31, 0.71, 2.47, 0.0], [0.0, 0.18, 0.0, 2.27, 0.0, 0.71, 0.69, 96.11, 0.0, 0.0], [0.0, 0.0, 0.93, 1.57, 0.0, 0.0, 0.0, 0.35, 97.17, 0.0], [0.0, 0.0, 0.0, 0.17, 0.0, 0.0, 0.0, 0.0, 0.0, 99.82]]
88.38	83.67	91.67	91.62	96.49	86.02	89.31	96.11	97.17	99.82	

SVM(3)
 confusionMatrix[[88.38, 2.0, 2.04, 0.7, 0.0, 7.08, 0.0, 0.0, 0.0, 0.0], [1.23, 83.67, 11.67, 1.92, 0.18, 1.24, 0.0, 0.18, 0.0, 0.0], [1.06, 5.26, 91.67, 1.4, 0.0, 0.35, 0.0, 0.0, 0.0, 0.0], [0.0, 3.63, 2.41, 91.62, 2.77, 0.0, 0.0, 0.0, 0.0, 0.0], [0.0, 1.09, 0.0, 1.57, 96.49, 0.71, 0.0, 0.0, 0.0, 0.0], [13.38, 0.54, 0.0, 0.0, 0.0, 86.02, 0.0, 0.0, 0.0, 0.0], [0.0, 0.0, 0.74, 6.98, 0.0, 0.0, 89.31, 0.71, 2.47, 0.0], [0.0, 0.18, 0.0, 2.27, 0.0, 0.71, 0.69, 96.11, 0.0, 0.0], [0.0, 0.0, 0.93, 1.57, 0.0, 0.0, 0.0, 0.35, 97.17, 0.0], [0.0, 0.0, 0.0, 0.17, 0.0, 0.0, 0.0, 0.0, 0.0, 99.82]]
88.38	83.67	91.67	91.62	96.49	86.02	89.31	96.11	97.17	99.82	

SVM(1)
 confusionMatrix[[71.65, 0.91, 5.56, 0.0, 0.0, 22.3, 0.0, 0.0, 0.0, 0.0], [0.35, 76.23, 18.7, 1.05, 2.03, 1.42, 0.0, 0.53, 0.0, 0.0], [13.73, 7.99, 75.19, 0.17, 0.18, 0.18, 0.0, 0.0, 1.59, 0.0], [0.35, 6.53, 7.78, 74.52, 10.54, 1.59, 0.0, 0.0, 0.0, 0.0], [0.0, 1.27, 0.56, 0.52, 97.23, 0.35, 0.0, 0.0, 0.0, 0.0], [21.13, 4.36, 4.63, 0.0, 0.0, 70.09, 0.0, 0.0, 0.0, 0.0], [0.0, 0.0, 0.56, 0.0, 0.0, 0.0, 88.28, 0.35, 10.95, 0.18], [0.0, 0.0, 0.0, 0.0, 0.0, 1.06, 0.0, 98.59, 0.35, 0.0], [0.0, 0.0, 0.93, 0.0, 0.0, 0.0, 0.17, 0.35, 98.59, 0.0], [0.0, 0.0, 0.0, 0.0, 0.0, 0.0, 0.0, 0.0, 0.0, 100.0]]
71.65	76.23	75.19	74.52	97.23	70.09	88.28	98.59	98.59	100.0	

SVM(2)
 confusionMatrix[[95.07, 3.09, 0.0, 0.35, 0.0, 1.59, 0.0, 0.0, 0.0, 0.0], [0.0, 90.93, 9.07, 0.0, 0.0, 0.0, 0.0, 0.18, 0.0, 0.0], [0.7, 5.44, 93.33, 0.0, 0.0, 0.0, 0.0, 0.0, 0.35, 0.0], [0.0, 0.91, 0.37, 96.51, 1.11, 1.24, 0.0, 0.0, 0.0, 0.0], [0.18, 0.0, 0.19, 0.7, 98.71, 0.18, 0.0, 0.0, 0.0, 0.0], [0.0, 0.0, 0.0, 0.0, 0.0, 100.0, 0.0, 0.0, 0.0, 0.0], [0.0, 0.0, 0.0, 0.0, 0.0, 0.0, 95.34, 1.59, 3.0, 0.18], [0.0, 0.0, 0.0, 0.0, 0.0, 1.06, 0.0, 98.94, 0.0, 0.0], [0.0, 0.73, 0.37, 0.0, 0.0, 0.0, 0.0, 0.53, 98.41, 0.0], [0.0, 0.0, 0.0, 0.0, 0.0, 0.0, 0.0, 0.0, 0.0, 100.0]]
95.07	90.93	93.33	96.51	98.71	100.0	95.34	98.94	98.41	100.0	

SVM(3)
 confusionMatrix[[95.42, 2.36, 0.56, 0.52, 0.18, 1.06, 0.0, 0.0, 0.0, 0.0], [0.0, 98.0, 2.04, 0.0, 0.0, 0.0, 0.0, 0.0, 0.0, 0.0], [0.53, 2.36, 96.3, 0.0, 0.0, 0.18, 0.17, 0.0, 0.35, 0.0], [0.0, 0.54, 1.67, 95.81, 1.85, 0.35, 0.0, 0.0, 0.0, 0.0], [0.53, 0.0, 0.0, 1.05, 98.34, 0.0, 0.0, 0.0, 0.0, 0.0], [0.0, 0.0, 0.0, 0.17, 0.0, 99.82, 0.0, 0.0, 0.0, 0.0], [0.0, 0.0, 0.19, 0.0, 0.0, 0.0, 96.21, 1.59, 1.94, 0.18], [0.0, 0.0, 0.0, 0.0, 0.0, 1.06, 0.0, 98.94, 0.0, 0.0], [0.0, 0.0, 0.37, 0.0, 0.0, 0.0, 0.0, 0.53, 99.12, 0.0], [0.0, 0.0, 0.0, 0.0, 0.0, 0.0, 0.0, 0.0, 0.0, 100.0]]
95.42	98.0	96.3	95.81	98.34	99.82	96.21	98.94	99.12	100.0	

KNN(3)




EXPERIMENTO 8 1400 (PASSOU) overfitting



KNN(3)
 confusionMatrix[[78.93, 1.55, 1.16, 0.35, 0.6, 16.67, 0.36, 0.59, 0.12, 0.12], [1.43, 80.43, 13.01, 2.11, 0.0, 1.72, 0.0, 0.59, 0.12, 0.24], [1.07, 8.83, 88.27, 0.47, 0.0, 0.61, 0.36, 0.0, 0.49, 0.24], [0.24, 4.89, 1.97, 92.26, 0.0, 0.37, 0.24, 0.12, 0.0, 0.0], [0.0, 0.0, 0.0, 0.0, 100.0, 0.0, 0.0, 0.0, 0.0, 0.0], [9.88, 0.12, 0.12, 0.0, 0.0, 89.58, 0.0, 0.0, 0.0, 0.0], [0.0, 0.24, 1.16, 0.7, 0.0, 0.12, 92.07, 1.41, 4.02, 0.24], [0.0, 0.12, 0.35, 0.35, 0.0, 0.74, 0.12, 98.24, 0.12, 0.0], [0.0, 0.0, 0.0, 0.0, 0.0, 0.0, 0.0, 0.0, 100.0, 0.0], [0.0, 0.0, 0.0, 0.0, 0.0, 0.0, 0.0, 0.0, 0.0, 100.0]]
78.93	80.43	88.27	92.26	100.0	89.58	92.07	98.24	100.0	100.0	

KNN(5)
 confusionMatrix[[79.17, 1.79, 1.39, 0.23, 0.72, 15.93, 0.24, 0.59, 0.24, 0.12], [0.95, 80.07, 13.01, 2.11, 0.0, 2.45, 0.0, 0.7, 0.0, 0.35], [1.67, 5.73, 90.36, 0.35, 0.0, 0.74, 0.48, 0.12, 0.61, 0.24], [0.36, 4.3, 2.79, 91.56, 0.0, 0.49, 0.12, 0.47, 0.0, 0.0], [0.0, 0.0, 0.0, 0.0, 100.0, 0.0, 0.0, 0.0, 0.0, 0.0], [10.12, 0.12, 0.12, 0.12, 0.0, 89.22, 0.0, 0.0, 0.0, 0.0], [0.0, 0.36, 0.81, 0.59, 0.0, 0.12, 90.87, 1.99, 4.75, 0.47], [0.0, 0.0, 0.0, 0.23, 0.0, 0.86, 0.24, 98.59, 0.12, 0.0], [0.0, 0.36, 0.12, 0.0, 0.0, 0.0, 0.0, 0.0, 99.51, 0.0], [0.0, 0.0, 0.0, 0.0, 0.0, 0.0, 0.0, 0.0, 0.0, 100.0]]
79.17	80.07	90.36	91.56	100.0	89.22	90.87	98.59	99.51	100.0	

KNN(7)
 confusionMatrix[[78.69, 1.55, 1.51, 0.23, 0.96, 16.3, 0.24, 0.59, 0.24, 0.12], [1.07, 78.64, 13.94, 1.76, 0.12, 3.06, 0.0, 0.7, 0.0, 0.35], [1.31, 4.77, 91.64, 0.59, 0.0, 1.23, 0.24, 0.12, 0.37, 0.0], [0.71, 4.65, 3.25, 89.92, 0.0, 0.74, 0.0, 0.82, 0.0, 0.0], [0.0, 0.0, 0.0, 0.0, 100.0, 0.0, 0.0, 0.0, 0.0, 0.0], [11.31, 0.0, 0.23, 0.0, 0.0, 88.11, 0.0, 0.0, 0.0, 0.0], [0.0, 0.36, 0.93, 0.59, 0.0, 0.12, 90.38, 1.87, 5.24, 0.47], [0.0, 0.0, 0.0, 0.23, 0.0, 0.86, 0.12, 98.71, 0.12, 0.0], [0.0, 0.24, 0.35, 0.0, 0.0, 0.0, 0.0, 0.0, 99.39, 0.0], [0.0, 0.0, 0.0, 0.0, 0.0, 0.0, 0.0, 0.0, 0.0, 100.0]]
78.69	78.64	91.64	89.92	100.0	88.11	90.38	98.71	99.39	100.0	

TREE(2)
 confusionMatrix[[97.14, 1.19, 0.12, 0.0, 0.0, 0.98, 0.6, 0.0, 0.0, 0.0], [1.07, 98.09, 0.7, 0.0, 0.0, 0.0, 0.0, 0.12, 0.0, 0.0], [0.12, 1.79, 96.28, 0.0, 0.0, 0.0, 0.12, 0.0, 1.83, 0.0], [0.0, 0.0, 0.0, 97.42, 0.36, 1.59, 0.72, 0.0, 0.0, 0.0], [0.0, 0.0, 0.0, 0.0, 100.0, 0.0, 0.0, 0.0, 0.0, 0.0], [0.71, 0.0, 0.0, 0.35, 0.0, 98.77, 0.0, 0.12, 0.0, 0.0], [0.48, 0.36, 0.0, 0.94, 0.0, 0.0, 97.36, 0.23, 0.61, 0.0], [0.36, 0.36, 0.0, 0.12, 0.0, 0.12, 0.0, 99.06, 0.0, 0.0], [0.0, 0.0, 0.12, 0.0, 0.0, 0.0, 0.48, 0.0, 99.39, 0.0], [0.71, 0.0, 0.0, 0.0, 0.0, 0.0, 0.0, 0.0, 0.0, 99.29]]
97.14	98.09	96.28	97.42	100.0	98.77	97.36	99.06	99.39	99.29	

TREE(3)
 confusionMatrix[[95.12, 3.58, 0.12, 0.0, 0.0, 0.49, 0.72, 0.0, 0.0, 0.0], [0.83, 97.61, 0.93, 0.0, 0.0, 0.0, 0.0, 0.59, 0.0, 0.0], [0.0, 2.15, 96.98, 0.7, 0.0, 0.0, 0.0, 0.23, 0.0, 0.0], [0.0, 0.0, 0.0, 97.66, 0.36, 1.1, 0.96, 0.0, 0.0, 0.0], [0.0, 0.0, 0.0, 0.0, 100.0, 0.0, 0.0, 0.0, 0.0, 0.0], [0.12, 0.0, 0.0, 0.23, 0.0, 99.51, 0.0, 0.12, 0.0, 0.0], [0.6, 0.36, 0.0, 0.59, 0.0, 0.0, 98.2, 0.12, 0.12, 0.0], [0.0, 0.72, 0.0, 0.12, 0.0, 0.0, 0.0, 99.18, 0.0, 0.0], [0.0, 0.0, 0.0, 0.0, 0.0, 0.0, 0.48, 0.0, 99.51, 0.0], [0.71, 0.0, 0.0, 0.0, 0.0, 0.0, 0.0, 0.0, 0.0, 99.29]]
95.12	97.61	96.98	97.66	100.0	99.51	98.2	99.18	99.51	99.29	

TREE(5)
 confusionMatrix[[94.4, 3.34, 0.12, 0.0, 0.0, 1.1, 0.6, 0.47, 0.0, 0.0], [0.83, 97.26, 0.81, 0.0, 0.0, 0.0, 0.0, 1.05, 0.0, 0.0], [0.0, 2.15, 96.17, 0.7, 0.0, 0.0, 0.0, 0.0, 1.1, 0.0], [0.0, 0.0, 0.0, 97.19, 0.36, 0.98, 1.44, 0.12, 0.0, 0.0], [0.0, 0.0, 0.0, 0.0, 100.0, 0.0, 0.0, 0.0, 0.0, 0.0], [0.71, 0.0, 0.0, 0.23, 0.0, 98.16, 0.0, 0.82, 0.0, 0.0], [0.48, 0.0, 0.0, 0.12, 0.0, 0.25, 97.96, 0.59, 0.61, 0.0], [0.36, 0.0, 0.35, 0.12, 0.0, 0.0, 0.0, 99.18, 0.0, 0.0], [0.0, 0.0, 0.12, 0.0, 0.0, 0.0, 0.48, 0.0, 99.39, 0.0], [0.71, 0.0, 0.0, 0.0, 0.0, 0.0, 0.0, 0.0, 0.0, 99.29]]
94.4	97.26	96.17	97.19	100.0	98.16	97.96	99.18	99.39	99.29	

TREE(7)
 confusionMatrix[[95.48, 3.34, 0.12, 0.0, 0.0, 0.49, 0.6, 0.0, 0.0, 0.0], [0.83, 97.49, 0.58, 0.0, 0.0, 0.0, 0.0, 1.05, 0.0, 0.0], [0.0, 1.91, 97.44, 0.7, 0.0, 0.0, 0.0, 0.0, 0.0, 0.0], [0.0, 0.0, 0.0, 97.07, 0.36, 1.1, 1.44, 0.12, 0.0, 0.0], [0.0, 0.0, 0.0, 0.0, 100.0, 0.0, 0.0, 0.0, 0.0, 0.0], [0.71, 0.0, 0.0, 0.23, 0.0, 98.16, 0.0, 0.82, 0.0, 0.0], [0.48, 0.0, 0.0, 0.12, 0.0, 0.0, 98.68, 0.59, 0.12, 0.0], [0.71, 0.0, 0.0, 0.12, 0.0, 0.0, 0.0, 99.18, 0.0, 0.0], [0.0, 0.0, 0.0, 0.0, 0.0, 0.0, 0.48, 0.0, 99.51, 0.0], [0.71, 0.0, 0.0, 0.0, 0.0, 0.0, 0.0, 0.0, 0.0, 99.29]]
95.48	97.49	97.44	97.07	100.0	98.16	98.68	99.18	99.51	99.29	

TREE(2)
 confusionMatrix[[94.76, 0.24, 0.0, 0.0, 0.0, 2.94, 0.48, 1.64, 0.0, 0.0], [0.12, 97.97, 1.74, 0.0, 0.0, 0.0, 0.0, 0.0, 0.12, 0.0], [0.0, 1.91, 98.03, 0.0, 0.0, 0.0, 0.12, 0.0, 0.0, 0.0], [0.36, 0.84, 0.0, 97.3, 0.84, 0.12, 0.6, 0.0, 0.0, 0.0], [0.0, 0.0, 0.0, 0.0, 100.0, 0.0, 0.0, 0.0, 0.0, 0.0], [1.55, 0.0, 0.0, 0.12, 0.0, 98.28, 0.0, 0.0, 0.0, 0.0], [0.24, 0.0, 0.35, 1.06, 0.0, 0.49, 96.27, 0.0, 1.58, 0.0], [0.95, 0.12, 0.0, 0.0, 0.0, 0.74, 0.0, 98.24, 0.0, 0.0], [0.0, 0.0, 0.12, 0.0, 0.0, 0.0, 0.0, 0.0, 99.88, 0.0], [0.0, 0.0, 0.0, 0.0, 0.0, 0.0, 0.0, 0.0, 0.0, 100.0]]
94.76	97.97	98.03	97.3	100.0	98.28	96.27	98.24	99.88	100.0	

TREE(3)
 confusionMatrix[[95.83, 0.12, 0.23, 0.23, 0.0, 2.08, 1.32, 0.12, 0.0, 0.12], [0.0, 96.78, 2.9, 0.0, 0.0, 0.0, 0.0, 0.12, 0.0, 0.12], [0.6, 2.51, 96.86, 0.0, 0.0, 0.0, 0.0, 0.12, 0.0, 0.0], [0.12, 0.0, 0.0, 97.07, 0.0, 1.59, 0.48, 0.0, 0.85, 0.0], [0.0, 0.0, 0.0, 0.0, 100.0, 0.0, 0.0, 0.0, 0.0, 0.0], [1.19, 0.0, 0.0, 0.0, 0.0, 98.28, 0.0, 0.47, 0.0, 0.0], [0.0, 0.0, 0.12, 1.29, 0.0, 0.37, 96.75, 0.59, 0.49, 0.35], [0.71, 0.48, 0.35, 0.47, 0.0, 0.25, 0.24, 97.54, 0.0, 0.0], [0.0, 0.0, 0.0, 0.0, 0.0, 0.0, 0.0, 0.0, 100.0, 0.0], [0.0, 0.0, 0.0, 0.0, 0.0, 0.12, 0.6, 0.0, 0.0, 99.29]]
95.83	96.78	96.86	97.07	100.0	98.28	96.75	97.54	100.0	99.29	

TREE(5)
 confusionMatrix[[96.79, 0.12, 0.0, 0.23, 0.0, 1.72, 0.6, 0.59, 0.0, 0.0], [0.0, 98.69, 1.28, 0.0, 0.0, 0.0, 0.0, 0.0, 0.0, 0.0], [0.0, 2.39, 97.44, 0.0, 0.0, 0.0, 0.24, 0.0, 0.0, 0.0], [0.12, 0.24, 0.0, 97.07, 0.48, 0.0, 2.16, 0.0, 0.0, 0.0], [0.0, 0.0, 0.0, 0.0, 100.0, 0.0, 0.0, 0.0, 0.0, 0.0], [1.19, 0.0, 0.0, 0.35, 0.0, 98.41, 0.0, 0.0, 0.0, 0.0], [0.24, 0.0, 0.23, 1.76, 0.0, 0.0, 96.27, 0.59, 0.85, 0.0], [0.6, 0.24, 0.12, 0.12, 0.0, 0.74, 0.0, 98.24, 0.0, 0.0], [0.0, 0.24, 0.0, 0.0, 0.0, 0.0, 0.0, 0.0, 99.76, 0.0], [0.0, 0.0, 0.0, 0.0, 0.0, 0.0, 0.0, 0.0, 0.0, 100.0]]
96.79	98.69	97.44	97.07	100.0	98.41	96.27	98.24	99.76	100.0	

TREE(7)
 confusionMatrix[[96.19, 0.72, 0.7, 0.35, 0.12, 0.37, 0.6, 0.94, 0.0, 0.0], [0.12, 95.94, 3.48, 0.23, 0.0, 0.0, 0.0, 0.0, 0.12, 0.0], [0.0, 2.15, 96.63, 0.0, 0.0, 0.0, 1.2, 0.0, 0.12, 0.0], [0.0, 0.48, 0.0, 98.12, 0.12, 0.49, 0.24, 0.59, 0.0, 0.0], [0.0, 0.0, 0.0, 0.0, 100.0, 0.0, 0.0, 0.0, 0.0, 0.0], [0.95, 0.0, 0.0, 0.47, 1.08, 97.43, 0.0, 0.0, 0.0, 0.0], [0.36, 1.19, 0.93, 1.06, 0.0, 0.0, 93.99, 1.05, 1.34, 0.0], [0.71, 0.0, 0.0, 0.82, 0.0, 0.0, 0.0, 98.48, 0.0, 0.0], [0.0, 0.0, 0.12, 0.0, 0.0, 0.0, 0.12, 0.0, 99.76, 0.0], [0.0, 0.6, 0.12, 0.0, 0.0, 0.0, 0.0, 0.0, 0.0, 99.29]]
96.19	95.94	96.63	98.12	100.0	97.43	93.99	98.48	99.76	99.29	

SVM(1)
 confusionMatrix[[82.38, 1.79, 1.51, 0.35, 0.48, 12.5, 0.6, 0.59, 0.12, 0.0], [0.71, 82.94, 11.38, 1.76, 0.0, 1.35, 0.84, 0.59, 0.0, 0.12], [0.83, 5.73, 89.08, 0.82, 0.0, 0.49, 3.25, 0.0, 0.12, 0.0], [0.0, 2.51, 1.28, 95.43, 0.0, 0.0, 0.84, 0.0, 0.0, 0.0], [0.0, 0.0, 0.0, 0.0, 100.0, 0.0, 0.0, 0.0, 0.0, 0.0], [15.95, 0.0, 0.23, 0.0, 0.0, 82.72, 0.6, 0.0, 0.0, 0.0], [0.0, 0.24, 0.58, 0.59, 0.0, 0.12, 96.75, 0.47, 1.22, 0.0], [0.0, 0.0, 0.23, 0.12, 0.0, 0.49, 2.52, 96.72, 0.0, 0.0], [0.0, 0.0, 0.0, 0.0, 0.0, 0.0, 1.44, 0.0, 98.54, 0.0], [0.0, 0.0, 0.0, 0.0, 0.0, 0.0, 1.32, 0.0, 0.0, 98.7]]
82.38	82.94	89.08	95.43	100.0	82.72	96.75	96.72	98.54	98.7	

SVM(2)
 confusionMatrix[[82.38, 1.79, 1.51, 0.35, 0.48, 12.5, 0.6, 0.59, 0.12, 0.0], [0.71, 82.94, 11.38, 1.76, 0.0, 1.35, 0.84, 0.59, 0.0, 0.12], [0.83, 5.73, 89.08, 0.82, 0.0, 0.49, 3.25, 0.0, 0.12, 0.0], [0.0, 2.51, 1.28, 95.43, 0.0, 0.0, 0.84, 0.0, 0.0, 0.0], [0.0, 0.0, 0.0, 0.0, 100.0, 0.0, 0.0, 0.0, 0.0, 0.0], [15.95, 0.0, 0.23, 0.0, 0.0, 82.72, 0.6, 0.0, 0.0, 0.0], [0.0, 0.24, 0.58, 0.59, 0.0, 0.12, 96.75, 0.47, 1.22, 0.0], [0.0, 0.0, 0.23, 0.12, 0.0, 0.49, 2.52, 96.72, 0.0, 0.0], [0.0, 0.0, 0.0, 0.0, 0.0, 0.0, 1.44, 0.0, 98.54, 0.0], [0.0, 0.0, 0.0, 0.0, 0.0, 0.0, 1.32, 0.0, 0.0, 98.7]]
82.38	82.94	89.08	95.43	100.0	82.72	96.75	96.72	98.54	98.7	

SVM(3)
 confusionMatrix[[82.38, 1.79, 1.51, 0.35, 0.48, 12.5, 0.6, 0.59, 0.12, 0.0], [0.71, 82.94, 11.38, 1.76, 0.0, 1.35, 0.84, 0.59, 0.0, 0.12], [0.83, 5.73, 89.08, 0.82, 0.0, 0.49, 3.25, 0.0, 0.12, 0.0], [0.0, 2.51, 1.28, 95.43, 0.0, 0.0, 0.84, 0.0, 0.0, 0.0], [0.0, 0.0, 0.0, 0.0, 100.0, 0.0, 0.0, 0.0, 0.0, 0.0], [15.95, 0.0, 0.23, 0.0, 0.0, 82.72, 0.6, 0.0, 0.0, 0.0], [0.0, 0.24, 0.58, 0.59, 0.0, 0.12, 96.75, 0.47, 1.22, 0.0], [0.0, 0.0, 0.23, 0.12, 0.0, 0.49, 2.52, 96.72, 0.0, 0.0], [0.0, 0.0, 0.0, 0.0, 0.0, 0.0, 1.44, 0.0, 98.54, 0.0], [0.0, 0.0, 0.0, 0.0, 0.0, 0.0, 1.32, 0.0, 0.0, 98.7]]
82.38	82.94	89.08	95.43	100.0	82.72	96.75	96.72	98.54	98.7	

SVM(1)
 confusionMatrix[[64.76, 1.43, 3.14, 0.0, 0.48, 29.78, 0.36, 0.59, 0.24, 0.0], [0.48, 76.85, 18.0, 1.41, 0.36, 1.59, 0.0, 0.7, 0.0, 0.12], [8.45, 8.11, 79.33, 0.23, 0.0, 0.12, 3.73, 0.0, 0.61, 0.0], [0.95, 6.92, 4.65, 80.19, 3.59, 1.84, 0.96, 1.17, 0.0, 0.0], [0.0, 0.0, 0.0, 0.0, 98.21, 1.84, 0.0, 0.0, 0.0, 0.0], [14.64, 3.82, 0.58, 0.0, 0.12, 80.27, 0.0, 0.0, 0.0, 0.0], [0.0, 0.12, 0.0, 0.12, 0.0, 0.25, 90.75, 1.64, 7.19, 0.0], [0.0, 0.0, 0.0, 0.23, 0.0, 0.74, 0.0, 98.48, 0.61, 0.0], [0.0, 0.0, 0.46, 0.0, 0.0, 0.0, 0.12, 0.23, 99.15, 0.0], [0.0, 0.0, 0.0, 0.0, 0.0, 0.0, 0.0, 0.0, 0.0, 100.0]]
64.76	76.85	79.33	80.19	98.21	80.27	90.75	98.48	99.15	100.0	

SVM(2)
 confusionMatrix[[91.67, 1.43, 0.0, 0.23, 0.0, 5.76, 0.6, 0.47, 0.0, 0.0], [0.48, 91.65, 6.85, 0.0, 0.0, 0.25, 0.0, 0.23, 0.12, 0.24], [0.0, 5.13, 93.96, 0.0, 0.0, 0.0, 0.6, 0.0, 0.49, 0.0], [0.36, 0.72, 0.58, 97.19, 0.0, 0.86, 0.12, 0.23, 0.0, 0.0], [0.0, 0.0, 0.0, 0.0, 100.0, 0.0, 0.0, 0.0, 0.0, 0.0], [0.71, 0.0, 0.0, 0.0, 0.0, 98.9, 0.0, 0.35, 0.0, 0.0], [0.12, 0.12, 0.23, 0.59, 0.0, 0.25, 97.84, 0.59, 0.24, 0.0], [0.0, 0.0, 0.0, 0.7, 0.0, 0.49, 0.48, 98.24, 0.12, 0.0], [0.0, 0.0, 0.0, 0.0, 0.0, 0.0, 0.24, 0.0, 99.76, 0.0], [0.0, 0.0, 0.0, 0.0, 0.0, 0.0, 0.0, 0.0, 0.0, 100.0]]
91.67	91.65	93.96	97.19	100.0	98.9	97.84	98.24	99.76	100.0	

SVM(3)
 confusionMatrix[[96.31, 1.31, 0.12, 0.12, 0.0, 1.35, 0.6, 0.23, 0.0, 0.0], [0.0, 97.37, 1.16, 0.0, 0.0, 0.74, 0.0, 0.35, 0.12, 0.24], [0.12, 1.91, 96.75, 0.0, 0.0, 0.0, 0.72, 0.0, 0.49, 0.12], [0.48, 1.55, 0.46, 96.83, 0.12, 0.25, 0.12, 0.23, 0.0, 0.0], [0.0, 0.0, 0.0, 0.0, 100.0, 0.0, 0.0, 0.0, 0.0, 0.0], [0.24, 0.24, 0.0, 0.0, 0.0, 99.02, 0.0, 0.47, 0.0, 0.0], [0.12, 0.12, 0.23, 0.7, 0.0, 0.25, 97.12, 0.94, 0.49, 0.0], [0.0, 0.24, 0.0, 1.06, 0.0, 0.37, 1.2, 97.19, 0.0, 0.0], [0.0, 0.0, 0.0, 0.0, 0.0, 0.0, 0.12, 0.0, 99.88, 0.0], [0.0, 0.0, 0.0, 0.0, 0.0, 0.0, 0.0, 0.0, 0.0, 100.0]]
96.31	97.37	96.75	96.83	100.0	99.02	97.12	97.19	99.88	100.0	

KNN(3)




NOVO EXPERIMENTO 1   1200 gestos 



KNN(3)
 confusionMatrix[[93.32, 1.55, 1.56, 0.0, 0.0, 3.16, 0.0, 0.0, 0.23, 0.0], [0.85, 91.08, 3.48, 0.0, 0.49, 3.27, 0.0, 0.23, 0.57, 0.0], [0.97, 0.83, 94.6, 0.0, 0.12, 0.82, 0.0, 0.69, 1.14, 0.71], [0.24, 0.0, 0.36, 98.34, 0.73, 0.0, 0.0, 0.11, 0.23, 0.0], [0.0, 1.55, 0.0, 0.36, 97.8, 0.23, 0.0, 0.0, 0.0, 0.0], [3.89, 2.02, 0.36, 0.0, 0.0, 92.28, 0.0, 1.03, 0.57, 0.0], [0.0, 0.36, 0.0, 0.0, 0.0, 0.0, 98.23, 0.11, 1.25, 0.0], [0.12, 2.26, 0.0, 1.19, 0.37, 0.94, 0.0, 95.2, 0.11, 0.0], [1.22, 2.5, 0.84, 0.48, 0.12, 1.52, 0.59, 2.51, 90.55, 0.0], [0.0, 0.0, 0.24, 0.0, 0.49, 0.0, 0.0, 0.0, 0.0, 99.29]]
93.32	91.08	94.6	98.34	97.8	92.28	98.23	95.2	90.55	99.29	

KNN(5)
 confusionMatrix[[93.56, 1.31, 1.92, 0.0, 0.0, 3.04, 0.0, 0.0, 0.0, 0.0], [1.22, 90.73, 3.0, 0.0, 0.49, 3.86, 0.0, 0.23, 0.46, 0.0], [0.85, 0.59, 94.24, 0.0, 0.0, 1.4, 0.0, 0.69, 1.37, 0.71], [0.12, 0.0, 0.6, 97.98, 1.1, 0.0, 0.0, 0.23, 0.0, 0.0], [0.0, 1.55, 0.12, 1.07, 96.82, 0.35, 0.0, 0.0, 0.0, 0.0], [4.62, 1.66, 0.36, 0.0, 0.0, 92.4, 0.0, 1.03, 0.11, 0.0], [0.0, 0.24, 0.12, 0.12, 0.0, 0.0, 98.0, 0.11, 1.37, 0.0], [0.12, 2.38, 0.0, 1.54, 0.24, 1.4, 0.0, 94.06, 0.46, 0.0], [0.85, 2.5, 0.84, 1.31, 0.12, 2.22, 0.47, 2.51, 89.52, 0.0], [0.0, 0.0, 0.12, 0.0, 0.49, 0.0, 0.0, 0.0, 0.0, 99.41]]
93.56	90.73	94.24	97.98	96.82	92.4	98.0	94.06	89.52	99.41	

SVM(3)
 confusionMatrix[[93.68, 0.83, 1.92, 0.0, 0.0, 3.04, 0.0, 0.0, 0.34, 0.0], [1.22, 91.32, 3.12, 0.0, 0.0, 2.69, 0.0, 0.0, 1.59, 0.0], [0.36, 0.36, 94.72, 0.0, 0.0, 0.47, 0.0, 0.69, 2.62, 0.59], [0.12, 0.0, 0.36, 97.62, 0.49, 0.0, 0.0, 0.11, 1.25, 0.0], [0.0, 1.55, 0.0, 0.12, 97.18, 0.23, 0.0, 0.34, 0.46, 0.0], [4.25, 0.59, 0.36, 0.0, 0.0, 92.98, 0.0, 0.91, 1.03, 0.0], [0.0, 0.12, 0.0, 0.0, 0.0, 0.0, 95.76, 0.11, 3.87, 0.0], [0.0, 0.0, 0.0, 0.71, 0.24, 0.47, 0.0, 94.97, 3.64, 0.0], [0.61, 2.26, 0.24, 0.12, 0.0, 1.64, 0.47, 1.71, 93.17, 0.0], [0.0, 0.0, 0.24, 0.0, 0.12, 0.0, 0.0, 0.0, 1.25, 98.35]]
93.68	91.32	94.72	97.62	97.18	92.98	95.76	94.97	93.17	98.35	

SVM(5)
 confusionMatrix[[93.68, 0.83, 1.92, 0.0, 0.0, 3.04, 0.0, 0.0, 0.34, 0.0], [1.22, 91.32, 3.12, 0.0, 0.0, 2.69, 0.0, 0.0, 1.59, 0.0], [0.36, 0.36, 94.72, 0.0, 0.0, 0.47, 0.0, 0.69, 2.62, 0.59], [0.12, 0.0, 0.36, 97.62, 0.49, 0.0, 0.0, 0.11, 1.25, 0.0], [0.0, 1.55, 0.0, 0.12, 97.18, 0.23, 0.0, 0.34, 0.46, 0.0], [4.25, 0.59, 0.36, 0.0, 0.0, 92.98, 0.0, 0.91, 1.03, 0.0], [0.0, 0.12, 0.0, 0.0, 0.0, 0.0, 95.76, 0.11, 3.87, 0.0], [0.0, 0.0, 0.0, 0.71, 0.24, 0.47, 0.0, 94.97, 3.64, 0.0], [0.61, 2.26, 0.24, 0.12, 0.0, 1.64, 0.47, 1.71, 93.17, 0.0], [0.0, 0.0, 0.24, 0.0, 0.12, 0.0, 0.0, 0.0, 1.25, 98.35]]
93.68	91.32	94.72	97.62	97.18	92.98	95.76	94.97	93.17	98.35	

SVM(7)
 confusionMatrix[[93.68, 0.83, 1.92, 0.0, 0.0, 3.04, 0.0, 0.0, 0.34, 0.0], [1.22, 91.32, 3.12, 0.0, 0.0, 2.69, 0.0, 0.0, 1.59, 0.0], [0.36, 0.36, 94.72, 0.0, 0.0, 0.47, 0.0, 0.69, 2.62, 0.59], [0.12, 0.0, 0.36, 97.62, 0.49, 0.0, 0.0, 0.11, 1.25, 0.0], [0.0, 1.55, 0.0, 0.12, 97.18, 0.23, 0.0, 0.34, 0.46, 0.0], [4.25, 0.59, 0.36, 0.0, 0.0, 92.98, 0.0, 0.91, 1.03, 0.0], [0.0, 0.12, 0.0, 0.0, 0.0, 0.0, 95.76, 0.11, 3.87, 0.0], [0.0, 0.0, 0.0, 0.71, 0.24, 0.47, 0.0, 94.97, 3.64, 0.0], [0.61, 2.26, 0.24, 0.12, 0.0, 1.64, 0.47, 1.71, 93.17, 0.0], [0.0, 0.0, 0.24, 0.0, 0.12, 0.0, 0.0, 0.0, 1.25, 98.35]]
93.68	91.32	94.72	97.62	97.18	92.98	95.76	94.97	93.17	98.35	

TREE(2)
 confusionMatrix[[97.81, 0.0, 0.0, 0.0, 0.0, 1.17, 0.0, 0.0, 0.91, 0.0], [0.0, 99.76, 0.0, 0.0, 0.0, 0.0, 0.0, 0.0, 0.23, 0.0], [0.0, 0.0, 98.44, 0.0, 0.0, 0.0, 0.0, 0.23, 1.25, 0.0], [0.0, 0.0, 0.0, 98.57, 0.49, 0.47, 0.0, 0.0, 0.46, 0.0], [0.0, 0.0, 0.0, 0.36, 99.14, 0.0, 0.0, 0.11, 0.34, 0.0], [1.7, 0.0, 0.0, 0.12, 0.0, 97.54, 0.0, 0.69, 0.0, 0.0], [0.61, 0.0, 0.0, 0.0, 0.12, 0.0, 98.82, 0.0, 0.34, 0.12], [0.36, 2.14, 0.0, 0.0, 0.0, 0.23, 0.12, 96.57, 0.68, 0.0], [1.94, 0.48, 1.08, 0.12, 0.0, 0.0, 0.24, 0.46, 95.9, 0.0], [0.0, 0.0, 0.6, 0.0, 0.0, 0.0, 0.0, 0.0, 0.0, 99.41]]
97.81	99.76	98.44	98.57	99.14	97.54	98.82	96.57	95.9	99.41	

TREE(3)
 confusionMatrix[[97.69, 0.48, 0.0, 0.0, 0.0, 1.05, 0.0, 0.11, 0.57, 0.0], [0.12, 99.52, 0.0, 0.0, 0.0, 0.0, 0.0, 0.0, 0.34, 0.0], [0.0, 0.0, 98.56, 0.0, 0.0, 0.0, 0.47, 0.0, 0.8, 0.12], [0.24, 0.0, 0.0, 98.57, 0.49, 0.47, 0.0, 0.0, 0.23, 0.0], [0.0, 0.0, 0.0, 1.07, 98.65, 0.12, 0.0, 0.11, 0.0, 0.0], [1.58, 0.0, 0.0, 0.0, 0.12, 97.66, 0.0, 0.69, 0.0, 0.0], [0.24, 0.0, 0.0, 0.0, 0.0, 0.35, 99.06, 0.23, 0.0, 0.12], [0.85, 1.43, 0.0, 0.0, 0.0, 0.35, 0.12, 96.57, 0.8, 0.0], [0.85, 0.59, 0.36, 0.48, 0.0, 0.0, 0.94, 0.34, 96.58, 0.0], [0.0, 0.0, 0.0, 0.0, 0.0, 0.0, 0.0, 0.0, 0.0, 100.0]]
97.69	99.52	98.56	98.57	98.65	97.66	99.06	96.57	96.58	100.0	

TREE(5)
 confusionMatrix[[98.18, 0.24, 0.0, 0.0, 0.0, 0.82, 0.0, 0.11, 0.57, 0.0], [0.0, 99.76, 0.0, 0.0, 0.0, 0.0, 0.0, 0.0, 0.23, 0.0], [0.24, 0.0, 98.68, 0.0, 0.0, 0.0, 0.47, 0.23, 0.34, 0.0], [0.36, 0.0, 0.0, 98.69, 0.37, 0.23, 0.0, 0.0, 0.23, 0.12], [0.0, 0.0, 0.0, 0.71, 98.9, 0.0, 0.0, 0.11, 0.0, 0.24], [1.58, 0.0, 0.0, 0.0, 0.0, 97.78, 0.0, 0.69, 0.0, 0.0], [0.36, 0.0, 0.0, 0.0, 0.12, 0.23, 99.06, 0.11, 0.0, 0.12], [1.22, 2.14, 0.0, 0.0, 0.0, 0.35, 0.12, 96.0, 0.34, 0.0], [0.85, 0.95, 0.36, 0.36, 0.0, 0.0, 0.94, 0.57, 96.13, 0.0], [0.0, 0.0, 0.0, 0.59, 0.0, 0.0, 0.0, 0.0, 0.0, 99.41]]
98.18	99.76	98.68	98.69	98.9	97.78	99.06	96.0	96.13	99.41	

KNN(3)
 confusionMatrix[[93.32, 1.55, 1.56, 0.0, 0.0, 3.16, 0.0, 0.0, 0.23, 0.0], [0.85, 91.08, 3.48, 0.0, 0.49, 3.27, 0.0, 0.23, 0.57, 0.0], [0.97, 0.83, 94.6, 0.0, 0.12, 0.82, 0.0, 0.69, 1.14, 0.71], [0.24, 0.0, 0.36, 98.34, 0.73, 0.0, 0.0, 0.11, 0.23, 0.0], [0.0, 1.55, 0.0, 0.36, 97.8, 0.23, 0.0, 0.0, 0.0, 0.0], [3.89, 2.02, 0.36, 0.0, 0.0, 92.28, 0.0, 1.03, 0.57, 0.0], [0.0, 0.36, 0.0, 0.0, 0.0, 0.0, 98.23, 0.11, 1.25, 0.0], [0.12, 2.26, 0.0, 1.19, 0.37, 0.94, 0.0, 95.2, 0.11, 0.0], [1.22, 2.5, 0.84, 0.48, 0.12, 1.52, 0.59, 2.51, 90.55, 0.0], [0.0, 0.0, 0.24, 0.0, 0.49, 0.0, 0.0, 0.0, 0.0, 99.29]]
93.32	91.08	94.6	98.34	97.8	92.28	98.23	95.2	90.55	99.29	

KNN(5)
 confusionMatrix[[93.56, 1.31, 1.92, 0.0, 0.0, 3.04, 0.0, 0.0, 0.0, 0.0], [1.22, 90.73, 3.0, 0.0, 0.49, 3.86, 0.0, 0.23, 0.46, 0.0], [0.85, 0.59, 94.24, 0.0, 0.0, 1.4, 0.0, 0.69, 1.37, 0.71], [0.12, 0.0, 0.6, 97.98, 1.1, 0.0, 0.0, 0.23, 0.0, 0.0], [0.0, 1.55, 0.12, 1.07, 96.82, 0.35, 0.0, 0.0, 0.0, 0.0], [4.62, 1.66, 0.36, 0.0, 0.0, 92.4, 0.0, 1.03, 0.11, 0.0], [0.0, 0.24, 0.12, 0.12, 0.0, 0.0, 98.0, 0.11, 1.37, 0.0], [0.12, 2.38, 0.0, 1.54, 0.24, 1.4, 0.0, 94.06, 0.46, 0.0], [0.85, 2.5, 0.84, 1.31, 0.12, 2.22, 0.47, 2.51, 89.52, 0.0], [0.0, 0.0, 0.12, 0.0, 0.49, 0.0, 0.0, 0.0, 0.0, 99.41]]
93.56	90.73	94.24	97.98	96.82	92.4	98.0	94.06	89.52	99.41	

SVM(3)
 confusionMatrix[[93.68, 0.83, 1.92, 0.0, 0.0, 3.04, 0.0, 0.0, 0.34, 0.0], [1.22, 91.32, 3.12, 0.0, 0.0, 2.69, 0.0, 0.0, 1.59, 0.0], [0.36, 0.36, 94.72, 0.0, 0.0, 0.47, 0.0, 0.69, 2.62, 0.59], [0.12, 0.0, 0.36, 97.62, 0.49, 0.0, 0.0, 0.11, 1.25, 0.0], [0.0, 1.55, 0.0, 0.12, 97.18, 0.23, 0.0, 0.34, 0.46, 0.0], [4.25, 0.59, 0.36, 0.0, 0.0, 92.98, 0.0, 0.91, 1.03, 0.0], [0.0, 0.12, 0.0, 0.0, 0.0, 0.0, 95.76, 0.11, 3.87, 0.0], [0.0, 0.0, 0.0, 0.71, 0.24, 0.47, 0.0, 94.97, 3.64, 0.0], [0.61, 2.26, 0.24, 0.12, 0.0, 1.64, 0.47, 1.71, 93.17, 0.0], [0.0, 0.0, 0.24, 0.0, 0.12, 0.0, 0.0, 0.0, 1.25, 98.35]]
93.68	91.32	94.72	97.62	97.18	92.98	95.76	94.97	93.17	98.35	

SVM(5)
 confusionMatrix[[93.68, 0.83, 1.92, 0.0, 0.0, 3.04, 0.0, 0.0, 0.34, 0.0], [1.22, 91.32, 3.12, 0.0, 0.0, 2.69, 0.0, 0.0, 1.59, 0.0], [0.36, 0.36, 94.72, 0.0, 0.0, 0.47, 0.0, 0.69, 2.62, 0.59], [0.12, 0.0, 0.36, 97.62, 0.49, 0.0, 0.0, 0.11, 1.25, 0.0], [0.0, 1.55, 0.0, 0.12, 97.18, 0.23, 0.0, 0.34, 0.46, 0.0], [4.25, 0.59, 0.36, 0.0, 0.0, 92.98, 0.0, 0.91, 1.03, 0.0], [0.0, 0.12, 0.0, 0.0, 0.0, 0.0, 95.76, 0.11, 3.87, 0.0], [0.0, 0.0, 0.0, 0.71, 0.24, 0.47, 0.0, 94.97, 3.64, 0.0], [0.61, 2.26, 0.24, 0.12, 0.0, 1.64, 0.47, 1.71, 93.17, 0.0], [0.0, 0.0, 0.24, 0.0, 0.12, 0.0, 0.0, 0.0, 1.25, 98.35]]
93.68	91.32	94.72	97.62	97.18	92.98	95.76	94.97	93.17	98.35	

SVM(7)
 confusionMatrix[[93.68, 0.83, 1.92, 0.0, 0.0, 3.04, 0.0, 0.0, 0.34, 0.0], [1.22, 91.32, 3.12, 0.0, 0.0, 2.69, 0.0, 0.0, 1.59, 0.0], [0.36, 0.36, 94.72, 0.0, 0.0, 0.47, 0.0, 0.69, 2.62, 0.59], [0.12, 0.0, 0.36, 97.62, 0.49, 0.0, 0.0, 0.11, 1.25, 0.0], [0.0, 1.55, 0.0, 0.12, 97.18, 0.23, 0.0, 0.34, 0.46, 0.0], [4.25, 0.59, 0.36, 0.0, 0.0, 92.98, 0.0, 0.91, 1.03, 0.0], [0.0, 0.12, 0.0, 0.0, 0.0, 0.0, 95.76, 0.11, 3.87, 0.0], [0.0, 0.0, 0.0, 0.71, 0.24, 0.47, 0.0, 94.97, 3.64, 0.0], [0.61, 2.26, 0.24, 0.12, 0.0, 1.64, 0.47, 1.71, 93.17, 0.0], [0.0, 0.0, 0.24, 0.0, 0.12, 0.0, 0.0, 0.0, 1.25, 98.35]]
93.68	91.32	94.72	97.62	97.18	92.98	95.76	94.97	93.17	98.35	

TREE(2)
 confusionMatrix[[97.45, 0.0, 0.0, 0.0, 0.0, 1.05, 0.0, 0.91, 0.46, 0.0], [0.0, 99.88, 0.0, 0.0, 0.0, 0.0, 0.0, 0.0, 0.11, 0.0], [0.0, 0.0, 98.68, 0.0, 0.0, 0.0, 0.0, 0.0, 1.25, 0.0], [0.24, 0.0, 0.0, 98.69, 0.37, 0.35, 0.0, 0.0, 0.23, 0.12], [0.0, 0.0, 0.0, 0.71, 99.02, 0.0, 0.0, 0.0, 0.0, 0.24], [2.07, 0.0, 0.72, 0.0, 0.0, 97.31, 0.0, 0.0, 0.0, 0.0], [0.24, 0.0, 0.36, 0.0, 0.12, 0.35, 98.82, 0.0, 0.0, 0.12], [0.49, 2.38, 0.0, 0.24, 0.0, 0.23, 0.0, 96.0, 0.8, 0.0], [0.12, 0.48, 1.44, 0.48, 0.0, 0.0, 0.24, 1.26, 96.13, 0.0], [0.0, 0.0, 0.6, 0.0, 0.0, 0.0, 0.0, 0.0, 0.0, 99.41]]
97.45	99.88	98.68	98.69	99.02	97.31	98.82	96.0	96.13	99.41	

TREE(3)
 confusionMatrix[[97.69, 0.48, 0.0, 0.0, 0.0, 0.94, 0.0, 0.23, 0.57, 0.0], [0.12, 99.41, 0.0, 0.0, 0.0, 0.0, 0.0, 0.0, 0.46, 0.0], [0.0, 0.0, 99.28, 0.0, 0.0, 0.0, 0.47, 0.0, 0.11, 0.12], [0.49, 0.0, 0.0, 98.57, 0.49, 0.0, 0.0, 0.0, 0.46, 0.0], [0.0, 0.0, 0.0, 0.71, 98.9, 0.0, 0.0, 0.11, 0.23, 0.0], [1.7, 0.0, 0.0, 0.0, 0.0, 97.66, 0.0, 0.69, 0.0, 0.0], [0.24, 0.0, 0.0, 0.0, 0.12, 0.35, 99.18, 0.0, 0.0, 0.12], [1.82, 1.43, 0.0, 0.0, 0.0, 0.35, 0.12, 95.77, 0.68, 0.0], [2.07, 1.31, 0.48, 0.0, 0.0, 0.0, 0.94, 0.57, 94.87, 0.0], [0.0, 0.0, 0.0, 0.0, 0.0, 0.0, 0.0, 0.0, 0.0, 100.0]]
97.69	99.41	99.28	98.57	98.9	97.66	99.18	95.77	94.87	100.0	

TREE(5)
 confusionMatrix[[98.06, 0.0, 0.0, 0.0, 0.0, 1.05, 0.59, 0.23, 0.0, 0.0], [0.0, 99.64, 0.0, 0.0, 0.0, 0.0, 0.0, 0.0, 0.34, 0.0], [0.0, 0.0, 98.2, 0.0, 0.0, 0.0, 0.12, 0.0, 1.48, 0.12], [0.36, 0.0, 0.0, 98.57, 0.49, 0.23, 0.0, 0.11, 0.23, 0.0], [0.0, 0.0, 0.0, 0.83, 98.9, 0.0, 0.0, 0.23, 0.0, 0.0], [1.58, 0.0, 0.72, 0.0, 0.0, 97.78, 0.0, 0.0, 0.0, 0.0], [0.61, 0.0, 0.0, 0.0, 0.0, 0.0, 98.7, 0.23, 0.34, 0.12], [0.85, 2.14, 0.0, 0.36, 0.0, 0.35, 0.12, 95.66, 0.68, 0.0], [0.24, 0.48, 0.36, 0.24, 0.0, 0.0, 0.24, 1.26, 97.27, 0.0], [0.0, 0.0, 0.0, 0.0, 0.0, 0.0, 0.0, 0.0, 0.0, 100.0]]
98.06	99.64	98.2	98.57	98.9	97.78	98.7	95.66	97.27	100.0	

KNN(3)
 confusionMatrix[[93.32, 1.55, 1.56, 0.0, 0.0, 3.16, 0.0, 0.0, 0.23, 0.0], [0.85, 91.08, 3.48, 0.0, 0.49, 3.27, 0.0, 0.23, 0.57, 0.0], [0.97, 0.83, 94.6, 0.0, 0.12, 0.82, 0.0, 0.69, 1.14, 0.71], [0.24, 0.0, 0.36, 98.34, 0.73, 0.0, 0.0, 0.11, 0.23, 0.0], [0.0, 1.55, 0.0, 0.36, 97.8, 0.23, 0.0, 0.0, 0.0, 0.0], [3.89, 2.02, 0.36, 0.0, 0.0, 92.28, 0.0, 1.03, 0.57, 0.0], [0.0, 0.36, 0.0, 0.0, 0.0, 0.0, 98.23, 0.11, 1.25, 0.0], [0.12, 2.26, 0.0, 1.19, 0.37, 0.94, 0.0, 95.2, 0.11, 0.0], [1.22, 2.5, 0.84, 0.48, 0.12, 1.52, 0.59, 2.51, 90.55, 0.0], [0.0, 0.0, 0.24, 0.0, 0.49, 0.0, 0.0, 0.0, 0.0, 99.29]]
93.32	91.08	94.6	98.34	97.8	92.28	98.23	95.2	90.55	99.29	

KNN(5)
 confusionMatrix[[93.56, 1.31, 1.92, 0.0, 0.0, 3.04, 0.0, 0.0, 0.0, 0.0], [1.22, 90.73, 3.0, 0.0, 0.49, 3.86, 0.0, 0.23, 0.46, 0.0], [0.85, 0.59, 94.24, 0.0, 0.0, 1.4, 0.0, 0.69, 1.37, 0.71], [0.12, 0.0, 0.6, 97.98, 1.1, 0.0, 0.0, 0.23, 0.0, 0.0], [0.0, 1.55, 0.12, 1.07, 96.82, 0.35, 0.0, 0.0, 0.0, 0.0], [4.62, 1.66, 0.36, 0.0, 0.0, 92.4, 0.0, 1.03, 0.11, 0.0], [0.0, 0.24, 0.12, 0.12, 0.0, 0.0, 98.0, 0.11, 1.37, 0.0], [0.12, 2.38, 0.0, 1.54, 0.24, 1.4, 0.0, 94.06, 0.46, 0.0], [0.85, 2.5, 0.84, 1.31, 0.12, 2.22, 0.47, 2.51, 89.52, 0.0], [0.0, 0.0, 0.12, 0.0, 0.49, 0.0, 0.0, 0.0, 0.0, 99.41]]
93.56	90.73	94.24	97.98	96.82	92.4	98.0	94.06	89.52	99.41	

SVM(3)
 confusionMatrix[[93.68, 0.83, 1.92, 0.0, 0.0, 3.04, 0.0, 0.0, 0.34, 0.0], [1.22, 91.32, 3.12, 0.0, 0.0, 2.69, 0.0, 0.0, 1.59, 0.0], [0.36, 0.36, 94.72, 0.0, 0.0, 0.47, 0.0, 0.69, 2.62, 0.59], [0.12, 0.0, 0.36, 97.62, 0.49, 0.0, 0.0, 0.11, 1.25, 0.0], [0.0, 1.55, 0.0, 0.12, 97.18, 0.23, 0.0, 0.34, 0.46, 0.0], [4.25, 0.59, 0.36, 0.0, 0.0, 92.98, 0.0, 0.91, 1.03, 0.0], [0.0, 0.12, 0.0, 0.0, 0.0, 0.0, 95.76, 0.11, 3.87, 0.0], [0.0, 0.0, 0.0, 0.71, 0.24, 0.47, 0.0, 94.97, 3.64, 0.0], [0.61, 2.26, 0.24, 0.12, 0.0, 1.64, 0.47, 1.71, 93.17, 0.0], [0.0, 0.0, 0.24, 0.0, 0.12, 0.0, 0.0, 0.0, 1.25, 98.35]]
93.68	91.32	94.72	97.62	97.18	92.98	95.76	94.97	93.17	98.35	

SVM(5)
 confusionMatrix[[93.68, 0.83, 1.92, 0.0, 0.0, 3.04, 0.0, 0.0, 0.34, 0.0], [1.22, 91.32, 3.12, 0.0, 0.0, 2.69, 0.0, 0.0, 1.59, 0.0], [0.36, 0.36, 94.72, 0.0, 0.0, 0.47, 0.0, 0.69, 2.62, 0.59], [0.12, 0.0, 0.36, 97.62, 0.49, 0.0, 0.0, 0.11, 1.25, 0.0], [0.0, 1.55, 0.0, 0.12, 97.18, 0.23, 0.0, 0.34, 0.46, 0.0], [4.25, 0.59, 0.36, 0.0, 0.0, 92.98, 0.0, 0.91, 1.03, 0.0], [0.0, 0.12, 0.0, 0.0, 0.0, 0.0, 95.76, 0.11, 3.87, 0.0], [0.0, 0.0, 0.0, 0.71, 0.24, 0.47, 0.0, 94.97, 3.64, 0.0], [0.61, 2.26, 0.24, 0.12, 0.0, 1.64, 0.47, 1.71, 93.17, 0.0], [0.0, 0.0, 0.24, 0.0, 0.12, 0.0, 0.0, 0.0, 1.25, 98.35]]
93.68	91.32	94.72	97.62	97.18	92.98	95.76	94.97	93.17	98.35	

SVM(7)
 confusionMatrix[[93.68, 0.83, 1.92, 0.0, 0.0, 3.04, 0.0, 0.0, 0.34, 0.0], [1.22, 91.32, 3.12, 0.0, 0.0, 2.69, 0.0, 0.0, 1.59, 0.0], [0.36, 0.36, 94.72, 0.0, 0.0, 0.47, 0.0, 0.69, 2.62, 0.59], [0.12, 0.0, 0.36, 97.62, 0.49, 0.0, 0.0, 0.11, 1.25, 0.0], [0.0, 1.55, 0.0, 0.12, 97.18, 0.23, 0.0, 0.34, 0.46, 0.0], [4.25, 0.59, 0.36, 0.0, 0.0, 92.98, 0.0, 0.91, 1.03, 0.0], [0.0, 0.12, 0.0, 0.0, 0.0, 0.0, 95.76, 0.11, 3.87, 0.0], [0.0, 0.0, 0.0, 0.71, 0.24, 0.47, 0.0, 94.97, 3.64, 0.0], [0.61, 2.26, 0.24, 0.12, 0.0, 1.64, 0.47, 1.71, 93.17, 0.0], [0.0, 0.0, 0.24, 0.0, 0.12, 0.0, 0.0, 0.0, 1.25, 98.35]]
93.68	91.32	94.72	97.62	97.18	92.98	95.76	94.97	93.17	98.35	

TREE(2)
 confusionMatrix[[97.81, 0.0, 0.0, 0.0, 0.0, 0.58, 0.0, 0.23, 1.25, 0.0], [0.0, 99.76, 0.0, 0.0, 0.0, 0.0, 0.0, 0.0, 0.23, 0.0], [0.0, 0.0, 97.96, 0.0, 0.0, 0.0, 0.47, 0.0, 1.37, 0.12], [0.36, 0.0, 0.0, 98.57, 0.37, 0.35, 0.0, 0.0, 0.34, 0.0], [0.0, 0.0, 0.0, 0.71, 98.9, 0.12, 0.0, 0.0, 0.23, 0.0], [1.82, 0.0, 0.0, 0.0, 0.12, 97.43, 0.0, 0.69, 0.0, 0.0], [0.24, 0.0, 0.0, 0.0, 0.12, 0.35, 99.06, 0.11, 0.0, 0.12], [0.0, 2.38, 0.0, 0.12, 0.0, 0.35, 0.12, 96.34, 0.8, 0.0], [0.73, 0.48, 1.08, 0.48, 0.0, 0.0, 0.94, 0.46, 96.01, 0.0], [0.0, 0.0, 0.0, 0.0, 0.0, 0.0, 0.0, 0.0, 0.0, 100.0]]
97.81	99.76	97.96	98.57	98.9	97.43	99.06	96.34	96.01	100.0	

TREE(3)
 confusionMatrix[[97.08, 0.24, 0.0, 0.0, 0.0, 1.29, 0.0, 0.91, 0.34, 0.0], [0.0, 99.52, 0.0, 0.0, 0.0, 0.0, 0.0, 0.23, 0.23, 0.0], [0.0, 0.0, 99.88, 0.0, 0.0, 0.0, 0.0, 0.0, 0.11, 0.0], [0.12, 0.0, 0.0, 98.57, 0.49, 0.47, 0.0, 0.0, 0.34, 0.0], [0.0, 0.0, 0.0, 0.36, 99.02, 0.0, 0.0, 0.57, 0.0, 0.0], [1.58, 0.0, 0.0, 0.0, 0.12, 97.66, 0.0, 0.69, 0.0, 0.0], [0.61, 0.0, 0.0, 0.0, 0.0, 0.0, 98.82, 0.11, 0.34, 0.12], [0.49, 2.14, 0.0, 0.0, 0.12, 0.35, 0.12, 95.89, 1.03, 0.0], [0.61, 1.31, 0.36, 0.59, 0.0, 0.0, 0.24, 0.8, 96.24, 0.0], [0.0, 0.0, 0.0, 0.0, 0.0, 0.0, 0.0, 0.57, 0.0, 99.41]]
97.08	99.52	99.88	98.57	99.02	97.66	98.82	95.89	96.24	99.41	

TREE(5)
 confusionMatrix[[97.08, 0.71, 0.0, 0.0, 0.0, 1.05, 0.0, 0.46, 0.57, 0.0], [0.0, 99.76, 0.0, 0.0, 0.0, 0.0, 0.0, 0.0, 0.23, 0.0], [0.0, 0.0, 98.44, 0.0, 0.0, 0.0, 0.0, 0.0, 1.48, 0.0], [0.24, 0.0, 0.0, 98.46, 0.49, 0.47, 0.0, 0.0, 0.34, 0.0], [0.0, 0.0, 0.0, 0.36, 99.02, 0.12, 0.0, 0.46, 0.0, 0.0], [1.82, 0.0, 0.0, 0.12, 0.0, 97.43, 0.0, 0.69, 0.0, 0.0], [0.24, 0.0, 0.0, 0.0, 0.12, 0.35, 99.06, 0.11, 0.0, 0.12], [2.55, 0.24, 0.0, 0.12, 0.0, 0.35, 0.12, 96.11, 0.68, 0.0], [1.82, 0.59, 0.96, 0.12, 0.0, 0.0, 1.41, 0.8, 94.53, 0.0], [0.0, 0.0, 0.0, 0.0, 0.0, 0.0, 0.0, 0.57, 0.0, 99.41]]
97.08	99.76	98.44	98.46	99.02	97.43	99.06	96.11	94.53	99.41	
