78.06	81.28	89.15	94.97	100.0	89.63	92.02	97.19	97.32	97.71	99.6	
78.12	80.46	90.26	94.0	100.0	88.62	90.91	97.19	97.15	97.71	99.6	
77.83	79.75	90.37	93.03	100.0	88.12	90.13	96.32	97.04	97.76	99.6	
78.12	99.06	77.83	90.41	100.0	96.75	98.27	98.05	98.29	98.45	99.77	
99.54	98.47	98.13	98.46	100.0	99.61	99.39	99.14	99.54	99.94	99.88	
99.66	98.94	98.02	99.14	100.0	99.5	99.11	99.25	99.77	100.0	99.88	
98.05	97.12	97.84	98.8	99.33	99.16	98.72	97.93	98.63	98.51	99.65	
97.42	97.42	97.14	98.34	99.1	99.05	98.44	98.33	98.4	98.8	99.65	
97.7	96.89	97.55	98.17	98.6	99.22	97.99	98.28	98.52	98.91	99.83	

78.06	81.28	89.15	94.97	100.0	89.63	92.02	97.19	97.32	97.71	99.6	
78.12	80.46	90.26	94.0	100.0	88.62	90.91	97.19	97.15	97.71	99.6	
77.83	79.75	90.37	93.03	100.0	88.12	90.13	96.32	97.04	97.76	99.6	
78.12	99.06	77.83	90.41	100.0	96.75	98.27	98.05	98.29	98.45	99.77	
99.54	98.47	98.13	98.46	100.0	99.61	99.39	99.14	99.54	99.94	99.88	
99.66	98.94	98.02	99.14	100.0	99.5	99.11	99.25	99.77	100.0	99.88	
98.22	97.18	97.72	98.86	98.88	98.99	98.77	98.33	98.23	98.8	99.77	
97.65	96.95	97.55	97.89	98.99	99.22	98.44	98.39	98.58	98.91	99.88	
97.42	97.01	97.49	98.57	99.61	99.22	98.22	97.99	98.52	98.91	99.77	
96.27	94.01	93.47	98.52	100.0	97.2	97.32	98.39	98.18	98.8	99.83	
97.99	97.12	96.67	98.06	100.0	99.05	95.87	99.2	99.03	99.25	99.71	
96.61	97.01	94.34	96.06	99.83	99.27	95.26	98.97	98.63	97.99	99.77	



97.93	96.71	97.67	98.8	99.1	98.93	98.22	98.28	98.52	98.91	99.65	
95.98	97.95	95.86	97.66	99.61	96.86	97.04	98.79	99.03	99.54	99.6	
97.24	94.78	95.33	98.17	100.0	99.1	98.22	97.24	98.75	98.97	99.71	
98.45	98.06	95.16	97.37	100.0	97.81	97.99	96.78	98.75	98.68	99.6	
97.7	96.83	97.72	98.46	99.44	99.22	98.83	98.33	98.58	98.91	99.83	
97.42	96.83	97.67	97.94	99.05	99.33	97.94	97.93	98.58	98.8	99.83	
97.87	96.54	97.55	97.89	98.77	98.82	98.22	98.33	98.75	98.51	99.77	
97.01	97.77	97.08	98.23	100.0	98.49	98.77	97.07	99.2	99.71	99.88	
97.76	96.36	97.37	98.63	99.72	98.09	97.66	98.45	99.09	99.2	99.83	
98.51	96.48	97.72	98.4	99.44	97.87	97.27	98.39	98.75	98.68	99.94	
98.16	96.89	97.96	98.8	99.61	99.05	98.27	98.1	98.52	98.8	99.88	
98.05	97.12	97.61	98.86	99.27	98.93	98.61	98.16	98.69	98.91	99.88	
98.51	97.07	97.61	98.74	99.1	98.88	98.66	98.28	98.4	98.91	99.77	
97.53	96.83	96.09	97.14	99.89	97.09	98.61	98.74	98.75	99.14	99.42	
97.65	97.42	94.57	97.09	99.44	99.05	96.77	98.28	98.01	99.37	99.37	
96.04	97.07	96.73	97.54	99.66	97.31	98.38	97.42	98.18	97.82	99.6	
97.24	96.42	97.67	98.52	99.27	99.22	98.83	97.93	98.69	98.62	99.83	
97.76	96.6	97.55	98.46	99.27	99.1	98.27	98.16	98.75	98.62	99.77	
97.53	97.01	96.97	97.94	99.5	99.33	98.1	97.87	98.63	98.8	99.65	
96.27	97.36	96.56	98.34	100.0	98.65	98.55	97.65	98.97	99.54	99.6	
98.33	97.65	97.26	97.72	100.0	98.77	98.61	98.1	98.52	99.54	99.83	
98.16	96.6	95.92	97.49	100.0	99.05	97.99	97.99	99.32	98.8	99.65	
98.33	96.95	98.19	99.09	99.1	98.88	98.38	98.39	98.06	98.91	99.88	
98.62	97.36	97.32	98.8	99.44	99.1	98.61	98.16	98.63	98.91	99.65	
98.1	96.89	97.84	98.91	99.38	98.99	98.55	98.22	98.69	98.8	99.71	
97.93	97.01	96.32	97.6	100.0	98.09	96.77	96.61	99.72	99.03	99.77	
97.65	98.24	94.92	98.17	100.0	98.32	97.38	98.85	98.69	99.77	99.83	
97.65	96.77	97.02	97.83	100.0	97.03	97.6	97.01	98.4	99.03	99.83	
97.01	96.83	96.03	98.52	100.0	99.16	98.61	97.93	99.15	98.85	99.54	
98.68	97.18	97.55	99.2	98.88	98.99	98.83	98.28	98.29	98.91	99.88	
97.99	96.95	97.9	98.91	99.61	99.1	98.83	98.1	98.63	98.62	99.83	
97.7	96.95	98.02	98.63	98.82	99.22	98.61	98.05	98.46	98.91	99.83	
97.53	96.13	97.26	97.32	99.16	98.54	97.99	97.99	98.29	99.43	99.6	
98.91	97.24	96.73	98.57	100.0	98.15	97.94	98.16	99.09	99.03	99.77	
97.99	96.6	97.96	97.89	99.72	97.7	96.88	98.33	99.32	99.03	99.77	
97.36	97.83	97.55	97.03	100.0	98.82	97.82	98.51	98.23	98.97	99.83	
97.87	97.18	97.67	98.97	99.78	99.1	98.83	98.1	98.01	98.85	99.77	
97.76	97.48	97.55	99.37	98.77	98.88	98.66	98.22	98.52	98.8	99.6	
97.99	97.07	97.49	98.97	99.55	98.93	98.94	98.33	98.63	98.91	99.65	
97.93	97.48	96.5	96.69	100.0	97.14	98.05	97.87	99.66	99.54	99.54	
97.07	98.0	96.15	98.06	99.72	97.76	97.71	97.24	99.32	99.43	99.88	
97.87	96.83	96.32	97.72	100.0	98.99	98.05	98.39	98.52	98.8	99.88	
97.36	96.19	96.5	97.54	100.0	98.93	97.66	98.51	98.86	99.43	99.54	


97.76	96.83	96.27	98.0	100.0	99.05	97.82	98.56	99.77	100.0	99.54	
97.36	96.19	96.38	98.57	99.66	98.54	98.16	97.93	99.49	98.62	99.65	
97.24	96.07	95.33	97.94	100.0	98.93	96.93	97.3	99.2	98.39	99.94	
98.16	97.07	97.96	98.57	99.1	98.77	98.83	98.16	98.23	98.91	99.88	
97.99	97.12	97.32	98.46	99.22	98.82	98.61	98.16	98.58	98.51	99.77	
97.99	96.6	97.61	98.91	98.99	98.82	98.61	98.1	98.46	98.91	99.83	
96.78	96.83	96.38	98.57	99.94	97.48	97.82	98.79	98.18	99.31	99.65	

96.71	98.06	96.59	98.74	99.71	97.57	99.64	99.23	97.7	98.62	97.92	

96.82	97.14	96.81	99.58	99.86	97.79	99.57	98.88	98.35	98.55	96.92	

96.82	97.31	96.17	99.65	99.29	94.36	98.99	99.23	98.42	97.24	97.64	

97.0	97.77	96.43	99.16	99.79	98.36	99.71	99.16	99.0	98.91	98.14	

96.42	98.46	96.91	99.37	99.36	95.86	99.5	98.25	98.78	97.39	97.49	

98.56	99.66	98.75	99.35	99.79	98.93	99.71	99.43	98.26	98.29	

98.45	99.72	98.75	99.71	99.72	98.86	99.43	99.57	99.49	96.58	

99.08	99.89	98.15	99.78	99.37	99.0	99.64	99.57	99.56	98.51	

98.96	99.83	98.32	100.0	99.72	98.86	99.0	98.65	99.2	98.72	

98.1	99.44	98.37	99.86	99.86	99.64	99.79	100.0	99.64	97.15	

98.45	99.33	99.24	99.78	99.79	98.08	99.5	99.93	98.55	97.79	

98.56	99.89	98.91	99.5	99.79	94.1	100.0	99.79	98.55	98.08	

97.58	99.89	97.94	99.14	99.65	99.64	100.0	99.93	99.13	97.79	

98.85	99.89	98.48	100.0	99.86	99.22	99.0	98.58	99.27	98.51	

97.01	99.61	98.32	99.42	99.72	97.23	99.86	99.57	99.13	98.72	

98.22	99.55	98.8	99.42	99.51	96.51	99.79	99.5	99.06	98.51	

98.39	99.66	98.26	99.78	99.44	98.15	99.28	99.79	98.91	97.58	

97.81	99.16	98.48	99.42	99.86	98.79	99.71	99.93	99.42	98.36	

98.96	99.83	98.04	100.0	99.72	98.51	98.93	98.72	99.27	98.72	

98.33	99.33	97.72	98.78	99.51	98.65	99.5	99.29	99.27	98.01	

99.54	99.78	98.26	99.78	99.51	98.51	100.0	99.86	98.19	98.65	

97.87	99.5	98.64	99.42	99.86	97.01	99.79	99.22	99.49	98.93	

99.08	99.72	97.61	99.93	99.65	99.36	99.86	99.43	99.42	98.86	

98.39	99.89	98.53	99.71	99.37	98.86	99.0	98.72	99.56	98.51	

98.39	99.61	98.32	98.49	98.17	98.44	99.57	99.22	99.35	97.65	

99.54	100.0	98.97	100.0	99.72	98.79	99.43	99.79	99.06	96.44	

98.45	99.94	98.86	100.0	99.51	95.23	99.86	99.72	99.27	98.36	

99.19	99.83	97.88	99.5	99.09	98.93	100.0	98.79	98.91	98.22	

98.56	99.89	98.21	100.0	99.65	99.29	98.5	98.79	99.06	98.36	

97.87	99.55	98.21	99.64	99.51	97.87	100.0	99.07	99.49	98.65	

98.79	99.05	98.64	99.86	98.94	98.79	99.5	98.72	99.49	97.72	

98.45	99.33	99.46	99.78	99.72	99.22	99.79	99.79	98.84	97.44	

99.37	98.71	97.66	99.64	99.65	98.58	99.64	99.93	99.42	98.72	

98.68	99.89	98.32	100.0	99.86	98.79	98.93	98.58	99.13	98.51	

98.27	99.55	98.37	99.35	99.51	96.8	99.43	98.79	98.4	98.79	

99.08	99.83	97.99	99.5	99.79	95.8	99.64	99.36	98.62	96.73	

98.27	99.66	99.02	99.93	99.72	98.79	99.79	99.29	98.26	98.79	

98.73	99.94	98.1	100.0	99.86	98.22	100.0	99.15	99.78	97.86	

99.14	99.89	98.21	100.0	99.72	99.22	99.0	98.72	98.98	98.29	

98.79	99.94	98.59	99.64	99.72	94.52	99.93	99.64	98.26	98.79	

98.33	98.83	98.8	99.71	99.65	98.93	99.21	99.79	98.55	98.65	

98.68	99.27	98.7	100.0	99.79	99.29	100.0	99.36	99.78	98.15	

98.73	98.55	97.12	99.21	99.93	98.72	99.5	99.36	98.11	98.22	

98.39	99.55	98.53	100.0	99.51	99.08	98.93	98.72	99.35	98.79	

97.81	99.27	97.34	99.71	99.58	97.94	99.43	99.86	99.85	97.01	

96.96	96.89	97.2	98.52	100.0	98.43	97.43	98.39	99.15	99.74	

97.42	96.24	97.43	96.86	100.0	97.93	97.32	98.85	98.8	98.97	

97.3	96.89	95.8	97.83	100.0	99.16	97.94	97.87	99.2	99.37	

97.87	97.01	97.37	98.74	98.82	98.99	98.66	98.33	98.58	99.34	

96.5	97.3	95.8	97.26	100.0	98.54	97.38	97.65	99.03	99.48	

96.15	96.65	95.8	97.66	99.94	97.76	97.04	97.53	97.83	99.51	

97.42	96.54	95.97	97.77	100.0	97.98	97.82	98.56	99.15	99.25	

97.99	96.19	96.91	98.23	99.66	98.6	97.55	96.96	99.43	99.28	

97.76	96.95	97.61	99.31	99.27	99.1	98.72	98.33	98.23	99.31	

97.99	97.12	94.98	97.94	99.89	98.49	97.6	98.05	98.97	99.05	

97.87	96.42	96.73	98.17	100.0	96.86	97.71	98.22	98.06	99.74	

97.47	97.54	96.73	98.23	99.61	98.04	98.22	97.13	98.75	99.66	

98.68	96.71	96.38	97.6	99.94	98.65	98.33	98.28	99.49	99.57	

97.76	96.83	97.55	99.14	99.38	98.77	98.61	98.33	98.23	99.31	

98.74	96.89	94.11	98.17	100.0	96.97	95.76	98.28	97.95	99.22	

96.61	97.77	95.8	97.49	99.89	97.76	98.16	96.96	99.15	99.63	

98.05	96.71	97.43	98.29	100.0	98.37	97.6	97.76	99.49	99.4	

98.62	96.42	96.79	96.46	99.55	98.82	97.6	98.56	98.97	99.77	

98.05	97.07	98.02	98.91	98.99	98.26	98.61	98.22	98.63	99.25	

95.4	97.48	95.92	97.94	99.33	98.6	97.77	97.19	99.03	99.6	

96.84	96.54	96.27	98.91	100.0	98.54	98.38	97.42	99.03	99.51	

95.81	97.18	96.15	97.72	99.89	98.21	98.16	96.09	98.75	99.51	

98.39	96.95	96.5	95.83	100.0	99.72	97.99	97.59	99.54	99.43	

97.7	96.83	97.9	98.52	99.16	98.65	98.49	98.28	98.23	99.37	

97.47	96.95	97.08	99.2	100.0	98.99	97.71	98.05	97.78	99.34	

95.86	95.48	94.63	98.86	99.61	98.71	98.38	97.99	98.75	99.51	

97.47	98.0	96.5	98.4	100.0	97.98	97.6	98.05	98.8	99.6	

98.05	97.65	97.14	97.6	100.0	98.49	97.55	96.27	98.8	99.74	

98.51	96.6	97.84	98.8	99.27	99.16	98.83	98.1	98.06	99.31	

98.1	97.01	95.86	98.63	99.94	98.77	98.55	97.07	99.54	99.34	

97.82	95.25	96.09	98.63	99.44	98.54	98.44	97.76	99.66	99.43	99.88	

97.7	96.95	95.74	99.2	100.0	97.59	97.55	98.1	99.15	98.51	99.94	

96.09	96.89	96.56	98.69	100.0	97.7	98.55	98.45	97.89	99.77	99.83	

98.05	97.18	98.02	98.97	99.5	98.93	98.61	98.16	98.58	98.91	99.83	

97.24	96.71	97.14	98.97	100.0	98.26	98.1	97.53	98.63	99.14	99.71	

97.3	97.12	97.61	96.74	100.0	98.82	98.22	97.59	99.54	99.2	99.88	

98.28	97.24	94.28	97.43	99.94	99.27	97.94	98.33	99.54	98.8	99.71	

94.83	97.59	95.92	97.26	100.0	97.31	98.33	98.22	99.2	99.31	99.31	

98.16	96.83	98.02	98.8	99.27	98.77	98.49	98.22	98.23	98.39	99.65	

97.7	96.65	96.62	98.91	100.0	99.5	97.99	97.87	99.43	99.43	99.88	

98.85	97.54	96.73	96.74	99.94	98.6	98.55	98.45	99.43	98.68	99.77	

98.51	98.42	96.44	97.43	99.78	97.93	97.66	98.62	99.6	99.48	100.0	

96.55	96.19	95.97	98.06	99.89	98.93	97.77	98.79	98.69	99.31	99.77	

98.05	96.83	97.9	98.74	99.78	99.16	98.83	97.93	98.12	98.91	99.71	

97.36	97.24	97.08	96.97	99.66	97.14	97.55	97.47	98.69	98.11	99.71	

97.47	97.01	96.56	97.94	100.0	97.59	97.99	98.51	99.43	99.03	99.88	

98.97	97.12	96.38	98.86	99.44	98.43	98.83	98.74	99.66	99.08	99.83	

98.1	96.36	94.81	98.57	100.0	97.09	97.16	97.36	99.2	99.25	99.88	

98.1	97.12	97.61	98.86	99.55	98.54	98.88	98.22	98.52	98.8	99.88	

96.5	96.65	96.44	97.6	99.5	98.37	97.99	96.5	98.92	99.08	99.83	

98.45	96.95	97.43	98.97	99.27	98.88	98.55	97.93	98.46	98.91	99.71	

97.42	97.18	96.62	97.49	99.55	99.22	98.27	98.39	98.18	99.2	99.77	

96.55	96.6	96.15	98.12	99.78	99.44	97.77	95.92	98.52	99.6	99.83	

97.87	96.71	96.5	98.12	99.33	97.76	98.44	96.55	99.54	99.03	99.88	

97.42	96.95	97.43	98.4	99.38	99.22	97.99	97.93	98.63	98.91	99.65	

97.3	96.95	97.9	98.46	98.82	99.22	98.55	98.39	98.69	98.51	99.54	

97.3	96.65	97.37	97.77	98.6	99.22	98.1	97.99	98.69	98.91	99.83	

98.39	96.71	97.9	99.26	99.55	99.16	98.77	98.28	98.06	98.74	99.65	

97.53	96.95	97.55	99.03	99.5	98.43	98.83	98.33	98.06	98.91	99.71	

98.68	97.07	97.37	99.03	99.27	99.05	99.0	98.39	98.58	98.39	99.71	

97.93	96.89	97.55	98.91	98.99	99.05	98.77	98.16	98.63	98.91	99.88	

97.87	97.24	95.92	98.29	100.0	98.88	97.16	97.87	99.26	99.08	99.6	

97.65	96.83	98.13	98.97	99.5	98.71	98.61	98.39	98.18	98.91	99.88	

96.9	96.89	95.8	98.34	100.0	98.37	96.88	97.87	98.52	99.31	99.94	

98.33	96.95	97.37	99.09	99.27	98.82	98.72	98.22	98.4	98.91	99.71	

96.73	97.01	97.14	98.23	99.5	98.77	97.77	97.93	98.46	99.2	99.94	

97.99	96.83	97.96	98.74	98.99	99.22	98.72	98.16	98.58	98.8	99.88	

97.99	96.77	97.55	99.03	99.33	97.98	98.66	98.22	98.18	98.8	99.65	

98.16	96.19	96.67	98.0	99.38	98.6	97.66	98.91	99.09	98.97	99.31	

98.56	97.24	97.84	99.14	99.55	99.05	98.61	98.16	98.18	98.51	99.88	

98.28	96.83	97.67	98.8	99.27	98.88	98.66	97.93	98.69	98.62	99.83	

95.98	97.07	97.02	97.83	99.55	97.81	97.99	98.22	98.97	99.43	99.77	

98.28	97.12	97.96	98.91	99.5	99.27	98.66	98.39	98.46	98.91	99.88	

98.51	97.65	95.22	98.0	100.0	97.37	97.94	97.82	99.37	99.66	99.83	

97.53	97.18	97.32	98.52	99.5	99.1	98.33	98.1	98.4	98.51	99.83	

97.99	96.65	98.07	99.14	99.55	98.88	98.66	98.33	98.58	98.91	99.6	

98.16	97.48	95.92	97.83	98.99	99.44	97.66	97.65	99.2	98.57	99.65	

97.47	96.77	97.37	98.17	99.66	99.27	97.88	98.33	98.58	98.91	99.65	

98.51	96.77	98.07	98.74	99.66	98.99	98.61	98.16	98.58	98.51	99.88	

97.87	96.42	96.97	97.49	100.0	98.32	97.82	97.13	98.18	99.08	99.6	

97.53	96.89	97.61	98.57	99.16	98.77	98.61	97.93	98.4	98.8	99.83	

97.76	97.07	97.72	99.2	99.05	98.82	98.83	97.99	98.06	98.8	99.88	

96.67	96.89	95.51	97.49	99.89	98.49	97.1	98.56	98.29	99.71	99.6	

97.42	96.77	97.55	98.46	98.71	99.16	98.55	98.1	98.69	98.91	99.71	

98.68	98.24	96.27	98.46	100.0	99.22	97.99	98.28	99.2	99.25	99.94	

97.99	96.95	97.96	98.86	98.82	98.26	99.05	98.28	98.63	98.91	99.83	

97.3	96.95	97.55	97.77	99.5	99.1	98.16	97.99	98.18	98.91	99.83	

97.99	97.07	97.67	98.57	98.88	98.71	98.38	98.1	98.58	98.91	99.83	

97.93	96.77	96.32	97.83	99.55	98.37	96.6	98.91	99.03	99.25	99.6	

97.65	97.01	97.67	98.23	99.16	99.22	98.1	98.16	98.69	98.68	99.83	

97.65	97.01	97.32	99.03	99.38	99.22	98.66	98.28	98.58	98.8	99.83	

98.1	97.36	97.49	98.12	99.72	98.93	97.49	98.56	98.52	99.25	99.88	

97.65	97.36	97.61	98.46	98.77	99.22	98.49	98.39	98.46	98.62	99.88	

98.28	96.95	97.49	98.91	99.1	98.99	98.22	98.28	98.52	98.91	99.83	

97.93	95.25	96.91	98.86	100.0	98.54	96.71	98.68	98.58	99.37	99.65	

97.82	97.18	97.61	98.29	99.38	99.22	98.44	98.1	98.46	98.8	99.88	

97.93	97.01	97.55	98.97	99.5	98.93	98.49	98.22	98.52	98.91	99.88	

97.24	97.07	96.21	97.26	100.0	98.93	97.04	98.62	99.15	99.43	99.6	

97.47	96.89	97.78	98.23	98.99	99.1	98.22	98.16	98.58	98.28	99.77	

98.16	97.07	97.43	98.63	99.27	98.93	98.66	97.99	98.69	98.85	99.88	

98.1	98.36	93.93	98.23	100.0	97.93	96.37	98.91	99.09	97.76	99.31	

97.7	96.89	97.72	98.52	99.5	98.71	98.33	98.16	98.46	98.51	99.65	

97.65	96.95	97.72	98.34	99.78	99.05	98.83	98.33	98.18	98.68	99.77	

98.68	96.89	95.51	97.89	100.0	97.14	96.54	97.59	99.6	98.85	99.48	

97.76	97.01	97.96	98.57	99.55	98.71	98.16	97.82	98.46	98.39	99.77	

97.82	96.83	97.55	99.03	99.5	98.77	98.83	98.05	98.12	98.28	99.65	

96.09	97.59	95.33	98.12	99.33	97.09	98.22	97.76	98.97	98.97	99.88	

98.39	97.18	97.67	99.14	99.55	98.82	98.61	98.39	98.63	98.91	99.77	

98.51	96.89	97.78	98.69	99.78	98.82	98.72	97.93	98.35	98.8	99.83	

96.9	97.83	95.1	98.52	100.0	98.15	98.72	97.7	98.06	98.74	99.48	

98.16	97.12	97.67	99.03	99.1	98.88	98.44	98.1	98.4	98.8	99.88	

96.96	94.54	94.63	98.69	100.0	98.32	97.94	97.93	98.92	98.05	99.94	

97.76	96.89	97.26	99.2	99.44	98.99	98.66	97.99	97.78	98.91	99.71	

98.62	97.12	97.67	99.2	99.27	99.1	98.94	98.39	98.46	98.68	99.83	

98.1	97.07	97.43	98.91	99.38	98.93	98.55	98.16	98.58	98.62	99.65	

97.76	96.89	97.55	99.2	99.38	98.99	98.61	98.33	98.29	98.85	99.77	

98.05	96.77	97.78	99.2	99.5	98.99	98.77	98.22	97.83	98.62	99.83	

97.87	96.89	97.55	98.91	99.38	98.93	98.44	98.39	98.63	98.62	99.88	

97.7	97.01	97.84	98.97	99.16	98.77	98.88	98.1	98.35	98.57	99.88	

98.28	96.89	97.61	99.2	98.88	98.88	98.83	98.1	98.69	98.91	99.71	

97.76	96.71	98.25	98.97	99.55	99.27	98.94	98.22	98.23	98.74	99.83	

97.99	97.3	97.61	99.03	99.27	99.27	98.88	97.93	98.69	98.91	99.77	

97.3	96.42	95.51	97.37	100.0	97.81	98.33	97.65	98.8	98.45	99.83	

97.59	96.83	97.37	99.09	99.44	98.37	98.66	98.16	98.46	98.57	99.65	

96.78	96.6	96.97	98.63	100.0	98.04	95.76	97.7	98.75	99.89	99.54	

97.7	97.18	97.72	98.29	99.5	99.16	98.38	97.99	98.52	98.91	99.65	

97.99	96.77	97.78	98.46	98.6	99.16	98.49	98.1	98.58	98.57	99.88	

98.16	97.42	97.55	99.2	99.33	98.99	98.55	98.05	98.58	98.8	99.65	

98.28	97.24	98.07	98.29	99.5	99.05	98.44	97.93	97.89	98.62	99.88	

98.56	96.83	95.68	97.37	99.5	99.05	97.32	98.39	98.75	99.03	99.88	

97.76	97.12	97.61	97.72	99.22	99.1	98.1	98.1	98.4	98.91	99.6	

98.28	97.12	97.72	98.91	98.71	98.99	98.55	98.28	98.63	98.51	99.71	

98.56	97.12	97.84	98.86	98.77	98.99	98.49	98.33	98.69	98.8	99.88	

98.22	97.12	97.37	99.09	99.27	98.99	98.49	98.33	98.23	98.91	99.83	

97.65	96.83	97.96	98.97	99.27	98.37	98.49	98.1	98.52	98.91	99.88	

96.61	97.18	94.4	97.14	100.0	98.32	96.99	98.79	99.54	98.28	99.94	

97.99	97.01	97.32	98.34	98.88	99.22	98.38	98.16	98.69	98.57	99.88	

98.33	96.48	97.37	99.03	99.61	99.27	98.77	98.16	98.63	98.68	99.77	

97.7	96.71	95.62	97.66	99.44	99.27	97.82	98.85	99.32	99.71	99.88	

98.74	96.89	97.72	98.29	98.99	99.27	98.1	98.22	98.29	98.8	99.71	

96.67	97.12	94.63	98.69	100.0	97.25	97.32	97.19	99.49	99.48	99.42	

97.82	97.07	97.49	98.23	99.1	99.22	98.38	98.1	98.12	98.8	99.71	

98.05	96.65	97.2	98.91	99.5	98.93	98.83	98.16	98.46	98.62	99.88	

97.53	96.6	97.26	97.89	99.94	98.6	98.61	98.45	98.52	99.48	99.71	

97.76	97.24	97.37	98.4	99.5	99.22	98.44	97.99	98.58	98.91	99.77	

98.62	96.95	98.07	98.97	99.27	99.05	98.55	98.28	98.52	98.91	99.88	

97.93	96.71	97.49	99.14	99.27	98.71	98.61	98.16	98.58	98.91	99.71	

98.28	96.89	97.43	98.91	99.1	98.49	98.72	98.1	98.63	98.51	99.71	

98.28	97.01	97.72	98.17	99.1	98.82	98.72	98.39	98.23	98.62	99.88	

97.99	96.95	97.43	98.86	98.99	98.77	98.72	98.1	98.29	98.91	99.88	

98.56	96.95	95.86	98.8	99.22	97.25	97.99	97.93	99.26	99.25	99.77	

97.76	96.83	97.55	98.06	99.1	99.22	98.22	98.28	98.58	98.51	99.83	

98.28	97.01	97.61	98.8	99.1	98.93	98.72	98.28	98.46	98.91	99.6	

98.1	97.18	94.63	98.52	99.78	99.05	98.27	98.1	98.97	99.6	99.65	

97.65	97.24	97.26	98.34	99.27	99.22	98.33	98.28	98.63	98.39	99.88	

98.56	96.83	97.72	99.31	99.55	99.22	98.61	98.16	98.46	98.91	99.6	

98.45	97.07	97.84	98.52	98.93	98.88	98.88	97.93	98.4	98.91	99.71	

98.56	98.0	96.62	97.49	99.89	97.98	97.55	98.22	99.2	99.25	99.6	

97.82	96.89	97.61	99.03	98.77	99.1	98.38	98.1	98.06	98.39	99.83	

98.39	96.54	95.39	98.23	99.38	99.1	98.1	97.13	98.01	99.77	99.88	

97.82	97.07	97.67	98.29	98.82	99.22	98.27	98.33	98.46	98.62	99.88	

98.1	96.95	97.49	98.91	99.5	98.93	98.72	98.1	98.63	98.45	99.77	

98.45	97.12	97.84	98.97	99.78	98.82	98.55	98.22	98.35	98.51	99.65	

98.22	96.95	97.72	99.26	99.55	98.88	98.44	98.22	98.52	98.8	99.88	

98.39	97.3	97.67	98.57	99.27	98.93	98.44	98.1	98.63	98.91	99.83	

98.05	97.01	97.61	98.91	98.99	97.98	98.61	98.1	98.63	98.39	99.83	

95.06	97.59	95.97	98.34	98.99	98.49	97.49	97.82	99.26	99.54	99.77	

97.7	96.95	97.67	98.29	98.88	99.22	98.44	98.39	98.69	98.91	99.71	

98.16	97.07	97.9	99.03	99.61	98.99	98.94	97.87	98.4	98.57	99.88	

98.85	97.18	96.03	98.63	99.89	97.48	97.77	97.59	99.03	98.85	99.48	

97.82	96.71	97.61	98.34	98.93	98.6	98.27	98.1	98.12	98.51	99.77	
