THUMB_INDEX_ANGLE,THUMB_DIST,INDEX_MIDDLE_ANGLE,INDEX_DIST,MIDDLE_RING_ANGLE,MIDDLE_DIST,RING_PINKY_ANGLE,RING_DIST,PINKY_DIST,target
0.5930338,0.1083584,0.04798429,0.1582045,0.2726013,0.1885901,0.1489401,0.2241906,0.211177,LOVEJUTSU
0.5930338,0.1083584,0.04798429,0.1582045,0.2726013,0.1885901,0.1489401,0.2241906,0.211177,LOVEJUTSU
0.5930338,0.1083584,0.04798429,0.1582045,0.2726013,0.1885901,0.1489401,0.2241906,0.211177,LOVEJUTSU
0.5930338,0.1083584,0.04798429,0.1582045,0.2726013,0.1885901,0.1489401,0.2241906,0.211177,LOVEJUTSU
0.5930338,0.1083584,0.04798429,0.1582045,0.2726013,0.1885901,0.1489401,0.2241906,0.211177,LOVEJUTSU
0.5930338,0.1083584,0.04798429,0.1582045,0.2726013,0.1885901,0.1489401,0.2241906,0.211177,LOVEJUTSU
0.5930338,0.1083584,0.04798429,0.1582045,0.2726013,0.1885901,0.1489401,0.2241906,0.211177,LOVEJUTSU
0.5930338,0.1083584,0.04798429,0.1582045,0.2726013,0.1885901,0.1489401,0.2241906,0.211177,LOVEJUTSU
0.5930338,0.1083584,0.04798429,0.1582045,0.2726013,0.1885901,0.1489401,0.2241906,0.211177,LOVEJUTSU
0.5930338,0.1083584,0.04798429,0.1582045,0.2726013,0.1885901,0.1489401,0.2241906,0.211177,LOVEJUTSU
0.5930338,0.1083584,0.04798429,0.1582045,0.2726013,0.1885901,0.1489401,0.2241906,0.211177,LOVEJUTSU
0.5930338,0.1083584,0.04798429,0.1582045,0.2726013,0.1885901,0.1489401,0.2241906,0.211177,LOVEJUTSU
0.5930338,0.1083584,0.04798429,0.1582045,0.2726013,0.1885901,0.1489401,0.2241906,0.211177,LOVEJUTSU
0.5930338,0.1083584,0.04798429,0.1582045,0.2726013,0.1885901,0.1489401,0.2241906,0.211177,LOVEJUTSU
0.5930338,0.1083584,0.04798429,0.1582045,0.2726013,0.1885901,0.1489401,0.2241906,0.211177,LOVEJUTSU
0.5930338,0.1083584,0.04798429,0.1582045,0.2726013,0.1885901,0.1489401,0.2241906,0.211177,LOVEJUTSU
0.5930338,0.1083584,0.04798429,0.1582045,0.2726013,0.1885901,0.1489401,0.2241906,0.211177,LOVEJUTSU
0.5930338,0.1083584,0.04798429,0.1582045,0.2726013,0.1885901,0.1489401,0.2241906,0.211177,LOVEJUTSU
0.5930338,0.1083584,0.04798429,0.1582045,0.2726013,0.1885901,0.1489401,0.2241906,0.211177,LOVEJUTSU
0.5930338,0.1083584,0.04798429,0.1582045,0.2726013,0.1885901,0.1489401,0.2241906,0.211177,LOVEJUTSU
0.5930338,0.1083584,0.04798429,0.1582045,0.2726013,0.1885901,0.1489401,0.2241906,0.211177,LOVEJUTSU
0.5930338,0.1083584,0.04798429,0.1582045,0.2726013,0.1885901,0.1489401,0.2241906,0.211177,LOVEJUTSU
0.5930338,0.1083584,0.04798429,0.1582045,0.2726013,0.1885901,0.1489401,0.2241906,0.211177,LOVEJUTSU
0.5930338,0.1083584,0.04798429,0.1582045,0.2726013,0.1885901,0.1489401,0.2241906,0.211177,LOVEJUTSU
0.5930338,0.1083584,0.04798429,0.1582045,0.2726013,0.1885901,0.1489401,0.2241906,0.211177,LOVEJUTSU
0.5930338,0.1083584,0.04798429,0.1582045,0.2726013,0.1885901,0.1489401,0.2241906,0.211177,LOVEJUTSU
0.5930338,0.1083584,0.04798429,0.1582045,0.2726013,0.1885901,0.1489401,0.2241906,0.211177,LOVEJUTSU
0.5930338,0.1083584,0.04798429,0.1582045,0.2726013,0.1885901,0.1489401,0.2241906,0.211177,LOVEJUTSU
0.5930338,0.1083584,0.04798429,0.1582045,0.2726013,0.1885901,0.1489401,0.2241906,0.211177,LOVEJUTSU
0.5930338,0.1083584,0.04798429,0.1582045,0.2726013,0.1885901,0.1489401,0.2241906,0.211177,LOVEJUTSU
0.5930338,0.1083584,0.04798429,0.1582045,0.2726013,0.1885901,0.1489401,0.2241906,0.211177,LOVEJUTSU
0.5930338,0.1083584,0.04798429,0.1582045,0.2726013,0.1885901,0.1489401,0.2241906,0.211177,LOVEJUTSU
0.5930338,0.1083584,0.04798429,0.1582045,0.2726013,0.1885901,0.1489401,0.2241906,0.211177,LOVEJUTSU
0.5930338,0.1083584,0.04798429,0.1582045,0.2726013,0.1885901,0.1489401,0.2241906,0.211177,LOVEJUTSU
0.5930338,0.1083584,0.04798429,0.1582045,0.2726013,0.1885901,0.1489401,0.2241906,0.211177,LOVEJUTSU
0.5930338,0.1083584,0.04798429,0.1582045,0.2726013,0.1885901,0.1489401,0.2241906,0.211177,LOVEJUTSU
0.5930338,0.1083584,0.04798429,0.1582045,0.2726013,0.1885901,0.1489401,0.2241906,0.211177,LOVEJUTSU
0.5930338,0.1083584,0.04798429,0.1582045,0.2726013,0.1885901,0.1489401,0.2241906,0.211177,LOVEJUTSU
0.5930338,0.1083584,0.04798429,0.1582045,0.2726013,0.1885901,0.1489401,0.2241906,0.211177,LOVEJUTSU
0.5930338,0.1083584,0.04798429,0.1582045,0.2726013,0.1885901,0.1489401,0.2241906,0.211177,LOVEJUTSU
0.5930338,0.1083584,0.04798429,0.1582045,0.2726013,0.1885901,0.1489401,0.2241906,0.211177,LOVEJUTSU
0.5930338,0.1083584,0.04798429,0.1582045,0.2726013,0.1885901,0.1489401,0.2241906,0.211177,LOVEJUTSU
0.5930338,0.1083584,0.04798429,0.1582045,0.2726013,0.1885901,0.1489401,0.2241906,0.211177,LOVEJUTSU
0.5930338,0.1083584,0.04798429,0.1582045,0.2726013,0.1885901,0.1489401,0.2241906,0.211177,LOVEJUTSU
0.5930338,0.1083584,0.04798429,0.1582045,0.2726013,0.1885901,0.1489401,0.2241906,0.211177,LOVEJUTSU
0.5930338,0.1083584,0.04798429,0.1582045,0.2726013,0.1885901,0.1489401,0.2241906,0.211177,LOVEJUTSU
0.5930338,0.1083584,0.04798429,0.1582045,0.2726013,0.1885901,0.1489401,0.2241906,0.211177,LOVEJUTSU
0.5930338,0.1083584,0.04798429,0.1582045,0.2726013,0.1885901,0.1489401,0.2241906,0.211177,LOVEJUTSU
0.5930338,0.1083584,0.04798429,0.1582045,0.2726013,0.1885901,0.1489401,0.2241906,0.211177,LOVEJUTSU
0.5930338,0.1083584,0.04798429,0.1582045,0.2726013,0.1885901,0.1489401,0.2241906,0.211177,LOVEJUTSU
0.5930338,0.1083584,0.04798429,0.1582045,0.2726013,0.1885901,0.1489401,0.2241906,0.211177,LOVEJUTSU
0.5930338,0.1083584,0.04798429,0.1582045,0.2726013,0.1885901,0.1489401,0.2241906,0.211177,LOVEJUTSU
0.5930338,0.1083584,0.04798429,0.1582045,0.2726013,0.1885901,0.1489401,0.2241906,0.211177,LOVEJUTSU
0.5930338,0.1083584,0.04798429,0.1582045,0.2726013,0.1885901,0.1489401,0.2241906,0.211177,LOVEJUTSU
0.5930338,0.1083584,0.04798429,0.1582045,0.2726013,0.1885901,0.1489401,0.2241906,0.211177,LOVEJUTSU
0.5930338,0.1083584,0.04798429,0.1582045,0.2726013,0.1885901,0.1489401,0.2241906,0.211177,LOVEJUTSU
0.5930338,0.1083584,0.04798429,0.1582045,0.2726013,0.1885901,0.1489401,0.2241906,0.211177,LOVEJUTSU
0.5930338,0.1083584,0.04798429,0.1582045,0.2726013,0.1885901,0.1489401,0.2241906,0.211177,LOVEJUTSU
0.5930338,0.1083584,0.04798429,0.1582045,0.2726013,0.1885901,0.1489401,0.2241906,0.211177,LOVEJUTSU
0.5930338,0.1083584,0.04798429,0.1582045,0.2726013,0.1885901,0.1489401,0.2241906,0.211177,LOVEJUTSU
0.5930338,0.1083584,0.04798429,0.1582045,0.2726013,0.1885901,0.1489401,0.2241906,0.211177,LOVEJUTSU
0.5930338,0.1083584,0.04798429,0.1582045,0.2726013,0.1885901,0.1489401,0.2241906,0.211177,LOVEJUTSU
0.5930338,0.1083584,0.04798429,0.1582045,0.2726013,0.1885901,0.1489401,0.2241906,0.211177,LOVEJUTSU
0.5930338,0.1083584,0.04798429,0.1582045,0.2726013,0.1885901,0.1489401,0.2241906,0.211177,LOVEJUTSU
0.5930338,0.1083584,0.04798429,0.1582045,0.2726013,0.1885901,0.1489401,0.2241906,0.211177,LOVEJUTSU
0.5930338,0.1083584,0.04798429,0.1582045,0.2726013,0.1885901,0.1489401,0.2241906,0.211177,LOVEJUTSU
0.5930338,0.1083584,0.04798429,0.1582045,0.2726013,0.1885901,0.1489401,0.2241906,0.211177,LOVEJUTSU
0.5930338,0.1083584,0.04798429,0.1582045,0.2726013,0.1885901,0.1489401,0.2241906,0.211177,LOVEJUTSU
0.5930338,0.1083584,0.04798429,0.1582045,0.2726013,0.1885901,0.1489401,0.2241906,0.211177,LOVEJUTSU
0.5930338,0.1083584,0.04798429,0.1582045,0.2726013,0.1885901,0.1489401,0.2241906,0.211177,LOVEJUTSU
0.5930338,0.1083584,0.04798429,0.1582045,0.2726013,0.1885901,0.1489401,0.2241906,0.211177,LOVEJUTSU
0.5930338,0.1083584,0.04798429,0.1582045,0.2726013,0.1885901,0.1489401,0.2241906,0.211177,LOVEJUTSU
0.5930338,0.1083584,0.04798429,0.1582045,0.2726013,0.1885901,0.1489401,0.2241906,0.211177,LOVEJUTSU
0.5930338,0.1083584,0.04798429,0.1582045,0.2726013,0.1885901,0.1489401,0.2241906,0.211177,LOVEJUTSU
0.5930338,0.1083584,0.04798429,0.1582045,0.2726013,0.1885901,0.1489401,0.2241906,0.211177,LOVEJUTSU
0.5930338,0.1083584,0.04798429,0.1582045,0.2726013,0.1885901,0.1489401,0.2241906,0.211177,LOVEJUTSU
0.5930338,0.1083584,0.04798429,0.1582045,0.2726013,0.1885901,0.1489401,0.2241906,0.211177,LOVEJUTSU
0.5930338,0.1083584,0.04798429,0.1582045,0.2726013,0.1885901,0.1489401,0.2241906,0.211177,LOVEJUTSU
THUMB_INDEX_ANGLE,THUMB_DIST,INDEX_MIDDLE_ANGLE,INDEX_DIST,MIDDLE_RING_ANGLE,MIDDLE_DIST,RING_PINKY_ANGLE,RING_DIST,PINKY_DIST,target
0.5930338,0.1083584,0.04798429,0.1582045,0.2726013,0.1885901,0.1489401,0.2241906,0.211177,LOVEJUTSU
0.5930338,0.1083584,0.04798429,0.1582045,0.2726013,0.1885901,0.1489401,0.2241906,0.211177,LOVEJUTSU
0.5930338,0.1083584,0.04798429,0.1582045,0.2726013,0.1885901,0.1489401,0.2241906,0.211177,LOVEJUTSU
0.5930338,0.1083584,0.04798429,0.1582045,0.2726013,0.1885901,0.1489401,0.2241906,0.211177,LOVEJUTSU
0.5930338,0.1083584,0.04798429,0.1582045,0.2726013,0.1885901,0.1489401,0.2241906,0.211177,LOVEJUTSU
0.5930338,0.1083584,0.04798429,0.1582045,0.2726013,0.1885901,0.1489401,0.2241906,0.211177,LOVEJUTSU
THUMB_INDEX_ANGLE,THUMB_DIST,INDEX_MIDDLE_ANGLE,INDEX_DIST,MIDDLE_RING_ANGLE,MIDDLE_DIST,RING_PINKY_ANGLE,RING_DIST,PINKY_DIST,target
0.5930338,0.1083584,0.04798429,0.1582045,0.2726013,0.1885901,0.1489401,0.2241906,0.211177,LOVEJUTSU
0.5930338,0.1083584,0.04798429,0.1582045,0.2726013,0.1885901,0.1489401,0.2241906,0.211177,LOVEJUTSU
1.216226,0.09319576,0.2460947,0.109255,1.187623,0.1154782,0.4574887,0.03724165,0.03970257,LOVEJUTSU
1.202028,0.09109952,0.2626839,0.1097352,1.049537,0.1129635,0.4105174,0.04161911,0.04231504,LOVEJUTSU
1.132658,0.08572211,0.2692438,0.1101002,1.027858,0.1172321,0.6302038,0.05191161,0.08161526,LOVEJUTSU
1.110494,0.08363143,0.2623261,0.1084988,0.8493256,0.1171256,0.7649171,0.06155099,0.1110749,LOVEJUTSU
1.101106,0.0819756,0.2500207,0.1071557,0.8251998,0.1163963,0.7361004,0.0609211,0.1115685,LOVEJUTSU
1.079088,0.08132199,0.2486816,0.1078958,0.7192416,0.1168331,0.591059,0.06538048,0.1118411,LOVEJUTSU
1.038632,0.08165725,0.2834178,0.1097495,0.8523819,0.1170144,0.7784272,0.05173069,0.1114832,LOVEJUTSU
1.035834,0.08180202,0.2828325,0.1101037,1.035617,0.11705,0.942727,0.04633653,0.1101321,LOVEJUTSU
1.023648,0.0810794,0.2832848,0.1101363,1.073897,0.1169577,0.9702736,0.04557981,0.1114227,LOVEJUTSU
1.058625,0.08278303,0.2926954,0.1098481,1.134052,0.1171452,1.090147,0.04626635,0.1119039,LOVEJUTSU
1.06934,0.08358411,0.2903674,0.1096873,1.282987,0.1170283,1.227667,0.04349915,0.111466,LOVEJUTSU
1.072172,0.08330507,0.2765451,0.1091633,1.335012,0.1170569,1.222399,0.04358545,0.1108129,LOVEJUTSU
1.059938,0.08276729,0.273419,0.1092165,1.319588,0.1170477,1.199235,0.04427881,0.1114402,LOVEJUTSU
1.094648,0.08400881,0.2759789,0.1090446,1.276753,0.1169652,1.159523,0.04480889,0.1117683,LOVEJUTSU
1.105248,0.08507613,0.2945489,0.109473,1.244988,0.1169767,1.100451,0.04540038,0.1117926,LOVEJUTSU
1.115981,0.08556263,0.303461,0.1096086,1.231586,0.1169936,1.088385,0.04591601,0.1120453,LOVEJUTSU
1.133628,0.08626162,0.3048525,0.1097044,1.222799,0.1171208,1.032925,0.04680053,0.1116404,LOVEJUTSU
1.12833,0.08642347,0.303599,0.1099687,1.204611,0.1172689,0.9746497,0.04774155,0.1114162,LOVEJUTSU
1.211604,0.09132564,0.2447166,0.110261,1.090548,0.1176002,0.3225269,0.05067474,0.05770317,LOVEJUTSU
1.248848,0.09508745,0.2588064,0.1107498,0.9716765,0.1176963,0.5405541,0.05991102,0.05212417,LOVEJUTSU
1.272405,0.09666062,0.2182655,0.110301,0.8078799,0.1171191,0.8468279,0.08144842,0.05074377,LOVEJUTSU
1.28143,0.09673563,0.6742498,0.1098754,0.965039,0.09337128,0.9270126,0.09202719,0.05143025,LOVEJUTSU
1.285958,0.09634487,0.7777848,0.1097036,1.037705,0.08873297,0.9477531,0.097346,0.05206797,LOVEJUTSU
1.304023,0.09634145,0.7999161,0.1092531,0.9997108,0.08792247,0.9635866,0.09700133,0.04590075,LOVEJUTSU
1.314622,0.09675121,0.8033236,0.1088914,0.9934384,0.08514626,0.9906299,0.09746416,0.04294937,LOVEJUTSU
1.31838,0.09725654,0.8007021,0.1087972,0.9878604,0.08332558,0.9792038,0.09691194,0.04095921,LOVEJUTSU
1.311261,0.09722668,1.053495,0.1085229,1.163463,0.0675854,0.9830198,0.09555501,0.03966628,LOVEJUTSU
1.308453,0.09701857,1.051167,0.1083412,1.180457,0.04481068,0.9878737,0.09530263,0.03989663,LOVEJUTSU
1.308482,0.09698281,1.046965,0.1083465,1.15709,0.04403801,0.9663284,0.09468583,0.04026088,LOVEJUTSU
1.307937,0.09710445,1.062809,0.1084919,1.178135,0.04646744,0.9714941,0.09555571,0.04097561,LOVEJUTSU
1.305893,0.09731249,1.055173,0.1086355,1.18858,0.04642398,0.9763061,0.09612125,0.04110217,LOVEJUTSU
1.305957,0.097426,1.054722,0.1087073,1.194519,0.04589775,0.9781209,0.09626453,0.04083664,LOVEJUTSU
1.30958,0.09744121,1.069604,0.1086941,1.178791,0.0456081,0.9613959,0.09518376,0.04036586,LOVEJUTSU
1.309296,0.09731581,1.076552,0.1086317,1.165995,0.04557791,0.9501735,0.09443896,0.04010012,LOVEJUTSU
1.307299,0.09723311,1.077937,0.1085735,1.15245,0.04531033,0.9376527,0.09373003,0.03977255,LOVEJUTSU
1.305368,0.09718228,1.074821,0.1085596,1.144917,0.04528458,0.9300728,0.09347031,0.03968451,LOVEJUTSU
1.304049,0.09737297,1.058528,0.1086635,1.152395,0.04545404,0.9309157,0.09428196,0.03998831,LOVEJUTSU
1.307858,0.09760872,1.051801,0.1086569,1.162019,0.04531728,0.9372178,0.09461327,0.04003069,LOVEJUTSU
1.309762,0.09756314,1.050081,0.1085672,1.171094,0.04537297,0.9470373,0.0950085,0.04013262,LOVEJUTSU
1.317752,0.09730806,1.0565,0.1085222,1.169978,0.04661127,0.9539585,0.09504769,0.04100111,LOVEJUTSU
1.320413,0.09724938,1.058684,0.1085684,1.16738,0.04706359,0.9541178,0.09504799,0.04137369,LOVEJUTSU
1.32072,0.09736887,1.057102,0.1086428,1.167457,0.04699522,0.9529767,0.09499764,0.04140669,LOVEJUTSU
1.314421,0.09730506,1.058295,0.1088355,1.1584,0.04738535,0.9406877,0.09493055,0.04185131,LOVEJUTSU
1.302336,0.09702997,1.046765,0.1091837,1.120491,0.04826125,0.8928233,0.09479136,0.04249024,LOVEJUTSU
1.299816,0.09692512,1.040785,0.1093238,1.005329,0.04880043,0.7826003,0.09091485,0.04322785,LOVEJUTSU
1.301162,0.0969509,1.033936,0.1093637,0.8810868,0.0492458,0.6655065,0.08592347,0.04392502,LOVEJUTSU
1.299672,0.09679724,1.034636,0.1091793,0.8180184,0.04865097,0.5977993,0.08057754,0.04330893,LOVEJUTSU
1.305737,0.09693999,1.03701,0.1090644,0.8902032,0.04868849,0.6658267,0.07742116,0.04329239,LOVEJUTSU
1.309321,0.09709878,1.030646,0.1090515,0.9981162,0.04977529,0.7742337,0.08645618,0.0444434,LOVEJUTSU
1.309312,0.09718654,1.020703,0.1090647,1.137897,0.05082398,0.914095,0.09595814,0.04565815,LOVEJUTSU
1.303211,0.09706399,1.02527,0.1089848,1.156306,0.04990732,0.9243746,0.09620306,0.04483927,LOVEJUTSU
1.297148,0.09687331,1.032984,0.1089142,1.094819,0.04864051,0.8563555,0.09355726,0.04346494,LOVEJUTSU
1.2968,0.09677839,1.038214,0.1091413,0.7972841,0.04812853,0.5619382,0.07617801,0.04286937,LOVEJUTSU
1.295156,0.09668356,1.045173,0.1092472,0.6989022,0.04782304,0.4366913,0.06133813,0.04265569,LOVEJUTSU
1.292528,0.09641768,1.087167,0.1095561,0.7417002,0.04564898,0.4033866,0.04056963,0.04083251,LOVEJUTSU
1.294365,0.09653365,1.097933,0.1095984,0.7734758,0.04509999,0.4337476,0.03970014,0.04054835,LOVEJUTSU
1.296943,0.09660745,1.099471,0.1095754,0.7607437,0.04488734,0.4273295,0.04011902,0.0404085,LOVEJUTSU
1.293544,0.09625689,1.099622,0.1094392,0.7501827,0.04435205,0.4146631,0.04010604,0.03951832,LOVEJUTSU
1.292525,0.09604745,1.101243,0.1093503,0.7380812,0.04420694,0.405597,0.04025326,0.0389824,LOVEJUTSU
1.29218,0.09609362,1.094115,0.1093865,0.7389042,0.04463819,0.4066071,0.04063683,0.03917714,LOVEJUTSU
1.292635,0.09618743,1.09111,0.1093865,0.7373332,0.04474537,0.4045928,0.04067546,0.03921923,LOVEJUTSU
1.292852,0.09634719,1.09297,0.1094839,0.7401385,0.04480352,0.4052732,0.04061966,0.03936689,LOVEJUTSU
1.289927,0.09624878,1.097682,0.10947,0.7381135,0.04451313,0.4014625,0.0404025,0.03932613,LOVEJUTSU
1.287879,0.09605224,1.101776,0.1093299,0.7289682,0.04421607,0.3933217,0.04022219,0.03924425,LOVEJUTSU
1.290354,0.096145,1.09121,0.1092821,0.7219,0.0449117,0.394082,0.0410755,0.03980838,LOVEJUTSU
1.29007,0.09614861,1.088005,0.1092288,0.7215582,0.04503515,0.4047686,0.04168719,0.03975935,LOVEJUTSU
1.282793,0.09579007,1.071844,0.1091255,0.7246006,0.04429242,0.4223206,0.04364515,0.0395612,LOVEJUTSU
1.278107,0.09549439,1.070984,0.1092037,0.7309325,0.04351356,0.4009869,0.04210679,0.0390115,LOVEJUTSU
1.257464,0.09464327,1.077979,0.1094097,0.760703,0.04255453,0.3998543,0.04116131,0.03812766,LOVEJUTSU
1.245733,0.09405492,1.087427,0.1093766,0.79024,0.04200439,0.4109339,0.04096533,0.03783344,LOVEJUTSU
1.2405,0.09370856,1.089867,0.109334,0.8086119,0.04193838,0.4200578,0.04095726,0.03769955,LOVEJUTSU
1.230862,0.09281935,1.090469,0.1091736,0.8108047,0.04204896,0.4373018,0.04064171,0.03747468,LOVEJUTSU
1.232132,0.09225079,1.094516,0.1089795,0.8023004,0.04216532,0.4400805,0.03952494,0.03728492,LOVEJUTSU
1.235689,0.09263726,1.093424,0.1091446,0.7992353,0.0424135,0.4359229,0.03892354,0.03740297,LOVEJUTSU
1.252484,0.09337711,1.080499,0.1092299,0.8004626,0.04271797,0.4361254,0.03895774,0.03765147,LOVEJUTSU
1.256789,0.09344161,1.072605,0.1091542,0.8003628,0.04289106,0.4366936,0.03910495,0.03779069,LOVEJUTSU
1.259221,0.09320378,1.06146,0.1089705,0.8027092,0.04289953,0.4389838,0.03938031,0.03779427,LOVEJUTSU
1.261999,0.09294467,1.049685,0.1087258,0.7976677,0.04281411,0.4391055,0.03946708,0.03777727,LOVEJUTSU
1.265188,0.09309141,1.049261,0.1087056,0.7930688,0.04267149,0.4350622,0.03965993,0.03776851,LOVEJUTSU
1.257335,0.09333877,1.05326,0.1090098,0.788196,0.04281921,0.4249563,0.04004391,0.038065,LOVEJUTSU
1.255873,0.09354237,1.051629,0.109179,0.781983,0.04306146,0.4227056,0.04009138,0.03845234,LOVEJUTSU
1.253213,0.09365568,1.059593,0.109276,0.7872039,0.04298102,0.4242486,0.04007755,0.03834682,LOVEJUTSU
1.248969,0.09364605,1.063558,0.1093869,0.7919147,0.04299585,0.4244755,0.04015969,0.03833555,LOVEJUTSU
1.249609,0.09416049,1.080112,0.1096876,0.7855659,0.04283683,0.4172536,0.04036964,0.03843223,LOVEJUTSU
1.268441,0.09526225,1.125472,0.1097581,0.7418143,0.04310524,0.3888145,0.04015453,0.03873213,LOVEJUTSU
1.259296,0.09535495,1.114775,0.1094845,0.7477496,0.04498954,0.4766937,0.04830769,0.03975935,LOVEJUTSU
1.241222,0.09447151,1.112038,0.1092912,1.099328,0.04794969,0.890909,0.08875577,0.0426765,LOVEJUTSU
1.210045,0.09298155,1.106224,0.1093833,1.290368,0.04973207,1.075008,0.09755761,0.04473826,LOVEJUTSU
1.218262,0.09349416,1.073149,0.1097094,1.278648,0.05191902,1.060418,0.0981502,0.04702632,LOVEJUTSU
1.221682,0.09389429,1.088343,0.1096575,1.252089,0.0512219,1.036345,0.09722473,0.04623326,LOVEJUTSU
1.224398,0.09417,1.103871,0.109597,1.247779,0.04943653,1.035324,0.0967796,0.0445262,LOVEJUTSU
1.22026,0.09407106,1.109287,0.1096087,1.25503,0.04823915,1.041604,0.09684039,0.04335296,LOVEJUTSU
1.217102,0.09389978,1.112468,0.1094805,1.254064,0.04767437,1.035807,0.09680862,0.04286394,LOVEJUTSU
1.218651,0.09397626,1.108312,0.1093828,1.268153,0.04720846,1.048393,0.09742042,0.04245159,LOVEJUTSU
1.219248,0.09408056,1.090461,0.10929,1.294605,0.04642147,1.074941,0.09787519,0.04173581,LOVEJUTSU
1.213254,0.09389602,1.077283,0.1092108,1.283455,0.04624166,1.060652,0.09746969,0.04148618,LOVEJUTSU
1.21748,0.09397952,1.071159,0.1090625,1.266491,0.04633143,1.041836,0.09723829,0.04146728,LOVEJUTSU
1.225894,0.09341099,1.076427,0.1092325,1.016245,0.04501672,0.7940058,0.08770221,0.03967627,LOVEJUTSU
1.169653,0.09090704,1.038787,0.1093824,0.7256632,0.04480176,0.3763825,0.04237352,0.03879081,LOVEJUTSU
1.129683,0.0882225,0.9938189,0.109216,0.8000199,0.04563556,0.4422166,0.0390807,0.03918145,LOVEJUTSU
1.118206,0.08767877,0.9852803,0.1091038,0.7696052,0.04621299,0.4266657,0.03843067,0.03963408,LOVEJUTSU
1.111166,0.08823254,0.9804384,0.1092852,0.7424209,0.04620895,0.4095617,0.0396925,0.03992117,LOVEJUTSU
1.10903,0.0881704,0.9730007,0.1092192,0.7263872,0.04628239,0.3972108,0.04038835,0.04001759,LOVEJUTSU
1.08162,0.08691272,0.968003,0.1092291,0.7305847,0.04699476,0.3967773,0.04088017,0.04034148,LOVEJUTSU
0.9793082,0.08300875,0.9965792,0.1103633,0.7539957,0.04932245,0.4426832,0.048806,0.0450879,LOVEJUTSU
1.140399,0.09001634,1.08732,0.1101723,0.7487748,0.04677256,0.3979889,0.04190215,0.04183043,LOVEJUTSU
1.212492,0.09288465,1.146013,0.1100149,0.7569804,0.04596059,0.4036741,0.04016274,0.04063931,LOVEJUTSU
1.216642,0.09356144,1.162792,0.1101082,0.7685307,0.0454684,0.4152359,0.03964306,0.04003961,LOVEJUTSU
1.210577,0.09380038,1.158844,0.1102214,0.7693123,0.04519438,0.4181816,0.03960518,0.03977213,LOVEJUTSU
1.203704,0.09340227,1.145912,0.1101365,0.7675896,0.04514392,0.4169649,0.03960731,0.03959811,LOVEJUTSU
1.174216,0.09206359,1.126217,0.1100819,0.7735126,0.04497311,0.42006,0.03949868,0.03933859,LOVEJUTSU
1.126208,0.09001437,1.121123,0.1100939,0.7750944,0.04477866,0.4193948,0.03960378,0.03908287,LOVEJUTSU
1.090885,0.08833338,1.12164,0.1101676,0.7733064,0.04475141,0.4171162,0.03979271,0.03907871,LOVEJUTSU
1.074291,0.08745339,1.127114,0.1102937,0.7732897,0.04478498,0.4152392,0.03993616,0.0391518,LOVEJUTSU
1.00363,0.08395696,1.116481,0.1104478,0.7612919,0.04543532,0.4178042,0.04009186,0.0396921,LOVEJUTSU
0.8917971,0.07885686,1.096734,0.1105332,0.7489881,0.04610294,0.4165213,0.04071561,0.04023319,LOVEJUTSU
0.8064405,0.07390859,1.108924,0.1106413,0.759154,0.04540511,0.4324292,0.03944897,0.03967872,LOVEJUTSU
0.5589096,0.06027583,1.098475,0.1102752,0.7646228,0.04577283,0.4295028,0.04006651,0.0399266,LOVEJUTSU
0.6068395,0.06027094,1.069453,0.109298,0.7522613,0.04510883,0.4041228,0.04103111,0.04044285,LOVEJUTSU
0.5685116,0.06043771,1.039934,0.1081575,0.7440972,0.04501532,0.3909742,0.04144078,0.04119816,LOVEJUTSU
0.5380948,0.05873571,0.9879491,0.1069574,0.7432541,0.04664168,0.3867263,0.04215652,0.04207677,LOVEJUTSU
0.7705054,0.07797782,0.8628199,0.1040817,0.7004103,0.05083536,0.3745847,0.04281547,0.04457109,LOVEJUTSU
0.7548425,0.0833865,0.5068898,0.09605294,0.6731364,0.06587107,0.3272649,0.06643618,0.07040789,LOVEJUTSU
0.4698615,0.0760569,0.1909577,0.08876745,0.6773195,0.08889267,0.3284453,0.08443802,0.09158866,LOVEJUTSU
0.3924603,0.0710731,0.3907933,0.09085332,0.5594186,0.1060979,0.2715488,0.09078953,0.1027795,LOVEJUTSU
0.2128135,0.06880205,0.6754978,0.08262307,0.5416071,0.1116971,0.278353,0.09506283,0.1075979,LOVEJUTSU
0.1428847,0.06980863,0.7593793,0.07930391,0.5783433,0.1126893,0.3091464,0.09650386,0.1085295,LOVEJUTSU
0.1983345,0.07076672,0.7053836,0.08358854,0.5925712,0.1125279,0.3202244,0.09629813,0.1081334,LOVEJUTSU
0.4009559,0.07141373,0.4946811,0.09549919,0.579985,0.1123615,0.324958,0.0959857,0.1077985,LOVEJUTSU
0.4309281,0.07075381,0.5195265,0.09521227,0.6147119,0.1141941,0.3472097,0.09820474,0.1096109,LOVEJUTSU
THUMB_INDEX_ANGLE,THUMB_DIST,INDEX_MIDDLE_ANGLE,INDEX_DIST,MIDDLE_RING_ANGLE,MIDDLE_DIST,RING_PINKY_ANGLE,RING_DIST,PINKY_DIST,target
1.25486,0.09414075,1.043382,0.1092138,0.7674783,0.04444517,0.4134888,0.0395449,0.03837672,LOVEJUTSU
1.259033,0.09431278,1.035667,0.1091537,0.7525315,0.04570067,0.4101006,0.03968623,0.03947864,LOVEJUTSU
1.260345,0.09443522,1.028788,0.1091343,0.7380728,0.04694495,0.4069681,0.04021905,0.0408522,LOVEJUTSU
1.253213,0.09432902,1.00049,0.1091025,0.7203985,0.04945393,0.4009797,0.04223286,0.0438683,LOVEJUTSU
1.239555,0.09401163,0.9850344,0.109262,0.7306687,0.05218412,0.4543664,0.04821959,0.04720321,LOVEJUTSU
1.235116,0.09385355,0.9965229,0.1092693,0.9006037,0.05319095,0.6619405,0.06329399,0.04798346,LOVEJUTSU
1.235609,0.09386799,1.003836,0.1092853,1.061125,0.05351609,0.8347458,0.0875724,0.04823066,LOVEJUTSU
1.242899,0.09430524,1.020064,0.1093047,1.194274,0.0524027,0.9723673,0.09680129,0.04710249,LOVEJUTSU
1.247454,0.09461758,1.026419,0.1093006,1.175835,0.05121989,0.9576171,0.09650782,0.04600057,LOVEJUTSU
1.248651,0.09468764,1.028415,0.109288,1.100143,0.05054014,0.884416,0.09352116,0.04533319,LOVEJUTSU
1.247148,0.09465143,1.02669,0.1093126,1.032959,0.05046975,0.8164843,0.08977266,0.04531135,LOVEJUTSU
1.24301,0.09423871,1.025387,0.1092979,1.161466,0.05147408,0.9434019,0.09615993,0.04620415,LOVEJUTSU
1.239952,0.09396196,1.019584,0.1093023,1.190818,0.05222882,0.9706635,0.09715349,0.04701489,LOVEJUTSU
1.241423,0.09419001,1.014893,0.1092811,1.137113,0.05161118,0.9213687,0.09523273,0.04655149,LOVEJUTSU
1.241499,0.09431804,1.013094,0.1092538,1.108243,0.05105452,0.8939863,0.09381122,0.04605179,LOVEJUTSU
1.240822,0.09434972,1.015664,0.1092556,1.106505,0.05079456,0.8922681,0.09350481,0.0458315,LOVEJUTSU
1.24193,0.0944455,1.017103,0.109264,1.107662,0.050714,0.8940217,0.09351483,0.04570263,LOVEJUTSU
1.243554,0.09450179,1.025241,0.1092561,1.078367,0.05026888,0.863545,0.09173942,0.04524937,LOVEJUTSU
1.244923,0.09450877,1.03137,0.1092401,1.071259,0.04985361,0.8556113,0.09099952,0.04484228,LOVEJUTSU
1.244297,0.09449569,1.028554,0.1092233,1.086126,0.04962743,0.8693728,0.09173117,0.04460602,LOVEJUTSU
1.24636,0.09458082,1.015538,0.1092095,1.059749,0.04956824,0.8448044,0.09070582,0.0446277,LOVEJUTSU
1.24873,0.0946505,1.012215,0.1092134,0.9885035,0.04919492,0.7768592,0.08719696,0.04423195,LOVEJUTSU
1.249421,0.09463914,1.0172,0.1092472,0.8411287,0.04865861,0.6213952,0.07427592,0.04366725,LOVEJUTSU
1.250735,0.09467634,1.02117,0.1092995,0.7503785,0.04842737,0.496925,0.05573956,0.04335343,LOVEJUTSU
1.251245,0.09469994,1.021697,0.1093066,0.7392014,0.04842697,0.4582393,0.04742556,0.04332541,LOVEJUTSU
1.251166,0.09465227,1.023713,0.1092764,0.7402674,0.04838873,0.4489281,0.04525006,0.04335179,LOVEJUTSU
1.250584,0.09461832,1.024139,0.1092298,0.7415758,0.04827594,0.4448527,0.04444216,0.04327506,LOVEJUTSU
1.250056,0.09462388,1.022179,0.1091911,0.7415908,0.048101,0.4414252,0.04421161,0.0431464,LOVEJUTSU
1.250631,0.09465061,1.019747,0.1091739,0.7407539,0.04813227,0.4440893,0.04506916,0.04321989,LOVEJUTSU
1.250982,0.0946518,1.016867,0.1091495,0.7433317,0.04819787,0.4495948,0.04560235,0.04332774,LOVEJUTSU
1.251637,0.09467648,1.016732,0.1091706,0.7458883,0.04828625,0.4533937,0.04571757,0.04341376,LOVEJUTSU
1.251932,0.09465092,1.012811,0.109194,0.7445297,0.04862963,0.4536731,0.04595106,0.04371816,LOVEJUTSU
1.251764,0.09463661,1.01246,0.1092201,0.746312,0.04878059,0.4561334,0.04603203,0.04384138,LOVEJUTSU
1.251918,0.09470321,1.009611,0.1092975,0.7693018,0.05003325,0.5013481,0.05036355,0.04506112,LOVEJUTSU
1.247245,0.09428982,1.017737,0.1091667,0.9415402,0.05172258,0.7109243,0.07660772,0.0465632,LOVEJUTSU
1.244508,0.09390707,1.029663,0.1090342,1.186605,0.0524373,0.9617794,0.09580559,0.04740958,LOVEJUTSU
1.24052,0.0937621,1.033177,0.1090053,1.229367,0.05243562,1.002692,0.09733678,0.04748076,LOVEJUTSU
1.237353,0.0936931,1.038159,0.1089938,1.21584,0.05215316,0.9888456,0.09675588,0.04721891,LOVEJUTSU
1.230333,0.09349938,1.037663,0.1090101,1.193176,0.05216141,0.9679376,0.09583687,0.04716266,LOVEJUTSU
1.222335,0.09330535,1.035859,0.1090372,1.184254,0.05207887,0.9609352,0.09547128,0.04702343,LOVEJUTSU
1.217331,0.09320152,1.034339,0.1090569,1.191605,0.05199941,0.9686667,0.09577083,0.04692902,LOVEJUTSU
1.215501,0.09320125,1.030959,0.1090853,1.195151,0.05227861,0.9735042,0.09598789,0.04717414,LOVEJUTSU
1.217621,0.09330411,1.025274,0.109087,1.194088,0.05264749,0.9741832,0.09603801,0.04753671,LOVEJUTSU
1.220332,0.09338717,1.022481,0.1090752,1.19442,0.05283223,0.9755554,0.09609151,0.04772167,LOVEJUTSU
1.222522,0.09344743,1.021909,0.1090449,1.193513,0.05291336,0.9755837,0.09604678,0.04774575,LOVEJUTSU
1.226355,0.09355735,1.027292,0.1090223,1.192967,0.0527094,0.9746293,0.09591196,0.04753111,LOVEJUTSU
1.230426,0.09369019,1.030976,0.1090061,1.191824,0.05236483,0.9727918,0.09579754,0.04721519,LOVEJUTSU
1.23171,0.09374201,1.030117,0.1089912,1.189477,0.05213435,0.9694747,0.09566711,0.04701676,LOVEJUTSU
1.233581,0.09380405,1.026095,0.1089857,1.188043,0.05238299,0.969394,0.0956887,0.04720304,LOVEJUTSU
1.234581,0.09385037,1.027072,0.1089659,1.186937,0.05238383,0.9687396,0.09562172,0.04715648,LOVEJUTSU
1.233085,0.09382422,1.028487,0.1089715,1.188194,0.05221219,0.969194,0.09562474,0.04699928,LOVEJUTSU
1.231474,0.09382822,1.032613,0.1089703,1.18938,0.05183077,0.9689765,0.09555472,0.04666299,LOVEJUTSU
1.230246,0.09382498,1.038301,0.1089751,1.19435,0.05162103,0.9723102,0.0956048,0.04646503,LOVEJUTSU
1.228921,0.09377703,1.038061,0.1089819,1.196698,0.05163053,0.974632,0.09568518,0.04650241,LOVEJUTSU
1.22852,0.09376402,1.036078,0.1089803,1.1967,0.05171856,0.9751533,0.09570429,0.04658261,LOVEJUTSU
1.228676,0.09371325,1.031589,0.1089422,1.194966,0.05195285,0.9756517,0.0957348,0.04674989,LOVEJUTSU
1.234729,0.09388781,1.028044,0.1088879,1.188127,0.0518504,0.9724517,0.09558334,0.04656303,LOVEJUTSU
1.244266,0.09428275,1.024168,0.1088724,1.175432,0.05139691,0.9694353,0.09523262,0.04584133,LOVEJUTSU
1.248228,0.09454909,1.017496,0.1089022,1.170016,0.05104455,0.9711083,0.0951587,0.04526924,LOVEJUTSU
1.247706,0.09462474,1.011956,0.1089348,1.168568,0.05112659,0.9735196,0.09526251,0.04523209,LOVEJUTSU
1.243437,0.09441884,1.009164,0.1089551,1.170498,0.05174726,0.9689513,0.09533924,0.04594491,LOVEJUTSU
1.238847,0.09411746,1.008084,0.1089728,1.170856,0.05250702,0.9605718,0.09542167,0.04698058,LOVEJUTSU
1.238042,0.09402116,1.009924,0.1089836,1.171123,0.05268125,0.9563387,0.09541479,0.04729384,LOVEJUTSU
1.237676,0.09392812,1.010536,0.1090003,1.170272,0.05282178,0.9515913,0.09542827,0.04759802,LOVEJUTSU
1.236366,0.09375042,1.005834,0.1089711,1.169117,0.05329159,0.9528831,0.0954508,0.04810708,LOVEJUTSU
1.235012,0.09364626,1.004283,0.1089502,1.171735,0.05360948,0.9588279,0.09557787,0.04835735,LOVEJUTSU
1.236545,0.09368637,1.006401,0.10894,1.171622,0.05349897,0.9594622,0.09556338,0.04823333,LOVEJUTSU
1.240419,0.09391707,1.011066,0.1089402,1.174624,0.05252498,0.9645449,0.09552591,0.04723481,LOVEJUTSU
1.241002,0.09398367,1.010632,0.1089128,1.176663,0.05201666,0.9704773,0.09557007,0.04653975,LOVEJUTSU
1.239785,0.09391022,1.012708,0.108909,1.177781,0.05191835,0.9679114,0.09561583,0.04652183,LOVEJUTSU
1.247405,0.09444071,1.011601,0.1089006,1.178684,0.05091119,0.975697,0.09580446,0.04525346,LOVEJUTSU
1.250256,0.09465334,1.010096,0.1088984,1.179003,0.05058865,0.9785421,0.09605771,0.04491239,LOVEJUTSU
1.251259,0.0946811,1.010281,0.1089355,1.178862,0.050724,0.9793659,0.09606603,0.04508354,LOVEJUTSU
1.250561,0.09459977,1.009405,0.1089626,1.180578,0.05096879,0.981216,0.09611297,0.04536748,LOVEJUTSU
1.244511,0.09415247,1.007474,0.1089991,1.171065,0.05191316,0.9610074,0.09570506,0.046523,LOVEJUTSU
1.241891,0.09408377,1.010168,0.1090681,1.166297,0.05154029,0.9536863,0.09539197,0.04612383,LOVEJUTSU
1.244518,0.09422235,1.054875,0.109301,0.8389924,0.04686526,0.6058477,0.07708409,0.04138124,LOVEJUTSU
1.2255,0.09368639,1.080874,0.1099125,0.8654149,0.04330178,0.4954334,0.0399913,0.03823121,LOVEJUTSU
1.225476,0.09366636,1.089518,0.1101498,0.8242505,0.04213856,0.4283197,0.03903089,0.03759828,LOVEJUTSU
1.222538,0.09353098,1.091955,0.110247,0.8146975,0.04219172,0.4231934,0.03940731,0.03778508,LOVEJUTSU
1.217042,0.09322973,1.088662,0.1102219,0.8053726,0.04260379,0.4218592,0.03964199,0.03809934,LOVEJUTSU
1.210945,0.09260734,1.084798,0.1100926,0.7993384,0.04316646,0.4238075,0.03974019,0.03843045,LOVEJUTSU
1.207228,0.0922459,1.081764,0.1099801,0.7980946,0.04339651,0.4241296,0.03979284,0.03853745,LOVEJUTSU
1.206519,0.0920713,1.079913,0.1099041,0.7988862,0.04351607,0.4244662,0.03978717,0.03858464,LOVEJUTSU
1.206249,0.09199867,1.079842,0.1098293,0.8019609,0.04342197,0.4262677,0.03969213,0.03845728,LOVEJUTSU
1.202825,0.09179337,1.0806,0.1097742,0.8039091,0.04332589,0.427796,0.03960551,0.03834939,LOVEJUTSU
1.190336,0.09116472,1.079423,0.1097182,0.8095664,0.04328862,0.4313353,0.03949669,0.03824464,LOVEJUTSU
1.175785,0.09030312,1.076362,0.1095665,0.8151792,0.04310967,0.4340661,0.03932423,0.03800646,LOVEJUTSU
1.153256,0.08919457,1.073624,0.1094461,0.813123,0.04293829,0.4324186,0.03923956,0.03783832,LOVEJUTSU
1.114875,0.08755011,1.055089,0.1092807,0.825183,0.04307177,0.430496,0.03931536,0.03770913,LOVEJUTSU
1.122486,0.08811015,1.067849,0.1091737,0.8133639,0.04263392,0.4185756,0.03932459,0.03768483,LOVEJUTSU
1.128263,0.08843239,1.077152,0.1091125,0.7983602,0.0423805,0.4117572,0.03932241,0.03776231,LOVEJUTSU
1.145405,0.08913185,1.082443,0.1091605,0.7918384,0.04237949,0.40924,0.03946058,0.03796297,LOVEJUTSU
1.16187,0.08988196,1.086527,0.1093012,0.7907233,0.04239744,0.41046,0.03959506,0.03809295,LOVEJUTSU
1.16571,0.09004273,1.075525,0.1093717,0.8110312,0.04285502,0.4181974,0.03993836,0.03812437,LOVEJUTSU
1.162961,0.08987388,1.070513,0.1093595,0.8197824,0.04305683,0.4250391,0.04004576,0.03805207,LOVEJUTSU
1.163446,0.08977664,1.0676,0.1092562,0.8208523,0.04310444,0.428997,0.04008035,0.03792583,LOVEJUTSU
1.163061,0.08971778,1.066449,0.1092278,0.8205054,0.0430993,0.4301248,0.04012144,0.03787057,LOVEJUTSU
1.164693,0.08985329,1.067641,0.1092572,0.8203176,0.04306791,0.4293942,0.04009569,0.03786943,LOVEJUTSU
1.163741,0.08991056,1.068696,0.1092824,0.8194602,0.04293277,0.4269941,0.04008936,0.03785786,LOVEJUTSU
1.164197,0.08998805,1.073382,0.1093281,0.8146286,0.04265154,0.4255447,0.04009866,0.03788679,LOVEJUTSU
1.164037,0.08993915,1.070519,0.1093387,0.8167856,0.04265815,0.4276164,0.04004215,0.03787276,LOVEJUTSU
1.164109,0.08984327,1.067413,0.1093016,0.8183562,0.04275485,0.4286426,0.04003747,0.03783706,LOVEJUTSU
1.162974,0.08973272,1.064928,0.1092644,0.8182958,0.04287225,0.4291327,0.04005587,0.03781148,LOVEJUTSU
1.164101,0.08964373,1.058731,0.1091556,0.8196723,0.0430527,0.4271108,0.040094,0.03775521,LOVEJUTSU
1.166365,0.089715,1.061745,0.109129,0.8193423,0.04284969,0.4226901,0.04019481,0.0377794,LOVEJUTSU
1.168124,0.08986593,1.076738,0.1091551,0.8075051,0.04246467,0.4179374,0.04017489,0.03781172,LOVEJUTSU
1.169728,0.08986698,1.076569,0.1090915,0.8049873,0.04231473,0.4166297,0.04025393,0.03772449,LOVEJUTSU
1.173409,0.09003634,1.080921,0.1090655,0.8005924,0.04218422,0.4160813,0.04019798,0.03761717,LOVEJUTSU
1.173757,0.09008732,1.08028,0.109079,0.8016781,0.04216968,0.4168737,0.04004318,0.03752001,LOVEJUTSU
1.170721,0.09001127,1.080912,0.109096,0.802148,0.04216854,0.4170804,0.04000246,0.03748557,LOVEJUTSU
1.167305,0.08992986,1.08056,0.1090836,0.8014978,0.04209905,0.4162337,0.03989669,0.03738976,LOVEJUTSU
1.163722,0.08974848,1.076137,0.1090729,0.8033611,0.04210195,0.4179415,0.0397741,0.03732285,LOVEJUTSU
1.161072,0.08979311,1.063911,0.1093986,0.806051,0.04309604,0.4259279,0.03980653,0.03804162,LOVEJUTSU
1.179627,0.09097762,1.065308,0.1097699,0.7888258,0.04378828,0.4232368,0.03993465,0.03868118,LOVEJUTSU
1.17636,0.09174577,1.071017,0.1100184,0.7886783,0.04383054,0.4116367,0.0400113,0.03891564,LOVEJUTSU
1.160213,0.09173112,1.068411,0.1100907,0.7972437,0.04364021,0.4076827,0.03998711,0.03884376,LOVEJUTSU
1.154359,0.09184223,1.067496,0.1100919,0.8015568,0.04348335,0.4064863,0.03995484,0.03875632,LOVEJUTSU
1.155411,0.09204452,1.068684,0.1101039,0.8017807,0.0434447,0.4061751,0.03996541,0.03874155,LOVEJUTSU
1.161254,0.09213863,1.072088,0.1100437,0.8026066,0.04341266,0.4043483,0.03993248,0.03869173,LOVEJUTSU
1.166563,0.09223181,1.074316,0.1099913,0.8039693,0.04344611,0.4029109,0.03988365,0.03867861,LOVEJUTSU
1.171151,0.0923596,1.072956,0.1099676,0.8044443,0.0435224,0.4022622,0.03989103,0.03870651,LOVEJUTSU
1.173909,0.09240817,1.072579,0.1099646,0.8039491,0.04354449,0.4022587,0.03990322,0.03871925,LOVEJUTSU
1.175125,0.0923785,1.072959,0.1099618,0.8037387,0.04353873,0.4022302,0.03990358,0.03873474,LOVEJUTSU
1.175966,0.09239545,1.074921,0.1099724,0.8033324,0.04348782,0.4022241,0.03986731,0.03871945,LOVEJUTSU
1.173334,0.09227505,1.073174,0.1099514,0.8033399,0.04345176,0.4028234,0.03984434,0.03869623,LOVEJUTSU
1.171856,0.09217033,1.072097,0.1099063,0.8016465,0.04343001,0.4031951,0.03984804,0.03868533,LOVEJUTSU
1.171521,0.09216566,1.073623,0.1099212,0.8010126,0.0433873,0.4038112,0.0398793,0.03868358,LOVEJUTSU
1.168496,0.09193137,1.072656,0.1098628,0.8023309,0.04333456,0.4054122,0.03989104,0.03859054,LOVEJUTSU
1.171984,0.09199347,1.057624,0.1098898,0.7981722,0.04327356,0.4059353,0.03982693,0.03840498,LOVEJUTSU
1.212206,0.09321073,1.063868,0.1098073,0.7874368,0.04325996,0.4198031,0.03963051,0.0379444,LOVEJUTSU
1.23889,0.09377438,1.065262,0.1095679,0.782919,0.04395508,0.4335234,0.03994301,0.03816208,LOVEJUTSU
1.242245,0.09354825,1.040017,0.1091963,0.770444,0.04609746,0.4492076,0.04255901,0.04051715,LOVEJUTSU
1.229883,0.09310596,1.015211,0.1090059,0.7984305,0.04772696,0.5106739,0.04881687,0.04207544,LOVEJUTSU
1.206965,0.09246127,0.9979771,0.1090422,0.9329103,0.05024913,0.6658965,0.06528284,0.04448249,LOVEJUTSU
1.194318,0.09220354,1.002444,0.109203,1.083193,0.05111823,0.8236361,0.08931584,0.04565838,LOVEJUTSU
1.192933,0.09232372,1.011927,0.1093691,1.195669,0.05098314,0.9361472,0.09606307,0.04611023,LOVEJUTSU
1.194924,0.09248032,1.017835,0.109474,1.199852,0.05083314,0.9455277,0.09641047,0.04633302,LOVEJUTSU
1.195308,0.09241449,1.022293,0.1095323,1.182172,0.05073438,0.934925,0.09594134,0.04653929,LOVEJUTSU
1.197907,0.09239157,1.023876,0.1095337,1.169104,0.05084334,0.9298562,0.09564723,0.04670512,LOVEJUTSU
1.198288,0.09237362,1.024709,0.1095201,1.161679,0.05073693,0.925858,0.09534512,0.04652658,LOVEJUTSU
1.195745,0.09223355,1.02171,0.109477,1.156577,0.05072234,0.9229972,0.09513475,0.04631601,LOVEJUTSU
1.194865,0.09222037,1.021411,0.109461,1.156881,0.05057588,0.9221201,0.09507288,0.04607722,LOVEJUTSU
1.193599,0.0922005,1.0199,0.1094385,1.155167,0.05050132,0.9181954,0.09492122,0.04595138,LOVEJUTSU
1.190604,0.09219389,1.018853,0.1094366,1.157459,0.05039258,0.9174843,0.09476765,0.04580757,LOVEJUTSU
1.200458,0.09277776,1.02011,0.1093948,1.172427,0.04939082,0.9408913,0.0952502,0.04421568,LOVEJUTSU
1.207752,0.09316442,1.021412,0.1093795,1.178575,0.0488438,0.9554993,0.09557348,0.04346168,LOVEJUTSU
1.212397,0.09337839,1.021436,0.1093793,1.185518,0.04874591,0.9659141,0.09605213,0.04325509,LOVEJUTSU
1.213974,0.0934614,1.018852,0.1093641,1.180994,0.04879681,0.9624094,0.09596846,0.04321774,LOVEJUTSU
1.210219,0.0932356,1.015945,0.1093538,1.165761,0.04926744,0.9407945,0.09525024,0.04370039,LOVEJUTSU
1.205292,0.09296238,1.017385,0.109339,1.153999,0.04955426,0.9195102,0.09453169,0.04416159,LOVEJUTSU
1.215602,0.09354097,1.025472,0.1093439,1.172243,0.04857348,0.9417894,0.09513446,0.0430815,LOVEJUTSU
1.217845,0.0937179,1.0249,0.1093652,1.179287,0.04826381,0.9517581,0.09542488,0.0428127,LOVEJUTSU
1.215513,0.09369124,1.020076,0.1093578,1.1812,0.04833921,0.9526134,0.0955015,0.04287805,LOVEJUTSU
1.211872,0.09366861,1.015448,0.1093253,1.182402,0.04834564,0.9504204,0.09551807,0.04279269,LOVEJUTSU
1.212875,0.09371327,1.010851,0.1092395,1.182148,0.04828501,0.9489884,0.09546761,0.0427602,LOVEJUTSU
1.212243,0.09365418,0.9967442,0.1089929,1.185884,0.04821211,0.947982,0.09545365,0.04270194,LOVEJUTSU
1.213829,0.09364311,0.9944851,0.1088464,1.194175,0.04792691,0.9504957,0.09562172,0.04245282,LOVEJUTSU
1.216255,0.09361587,1.003791,0.1088853,1.201211,0.04769415,0.9574845,0.09589521,0.04238375,LOVEJUTSU
1.218717,0.09355563,1.020903,0.1090158,1.209841,0.04746496,0.9674803,0.09636032,0.04231206,LOVEJUTSU
1.22406,0.09364285,1.030599,0.1090317,1.184765,0.04699082,0.9462131,0.09561332,0.04172617,LOVEJUTSU
1.225928,0.09370517,1.039134,0.1090952,1.17094,0.04668408,0.9355701,0.09512486,0.04146398,LOVEJUTSU
1.225671,0.09369177,1.044201,0.1091654,1.141895,0.04653357,0.9135058,0.09396391,0.04127904,LOVEJUTSU
1.224134,0.09369891,1.034857,0.109174,1.143911,0.04718431,0.9175323,0.09413803,0.04177043,LOVEJUTSU
1.222877,0.09373102,1.019534,0.1091096,1.138143,0.04810489,0.9143753,0.09406984,0.042593,LOVEJUTSU
1.221651,0.09371392,1.006279,0.1090406,1.122542,0.04885024,0.9002364,0.09341833,0.04328271,LOVEJUTSU
1.215206,0.09326799,0.9905214,0.1090403,1.130149,0.05066987,0.9057506,0.09401038,0.04513946,LOVEJUTSU
1.216763,0.09330901,0.9941228,0.1090515,1.13302,0.05045821,0.9093981,0.09424504,0.0448885,LOVEJUTSU
1.223481,0.09355903,1.011765,0.1090862,1.151595,0.04924008,0.9242191,0.09537105,0.04375742,LOVEJUTSU
1.229303,0.09386855,1.01778,0.1091673,1.093025,0.04794078,0.8674998,0.09355987,0.0421945,LOVEJUTSU
1.231767,0.09402768,1.022766,0.1092326,1.015908,0.04735124,0.7935981,0.09042027,0.04167476,LOVEJUTSU
1.232595,0.09407318,1.022779,0.1092631,0.9113736,0.04732301,0.6854504,0.08458143,0.0415823,LOVEJUTSU
1.234375,0.09405095,1.015845,0.1092084,0.8419928,0.04750877,0.6071603,0.0783349,0.04165912,LOVEJUTSU
1.236359,0.09405901,1.017372,0.1091881,0.8194586,0.04760051,0.5785338,0.07550139,0.04170176,LOVEJUTSU
1.243786,0.09432936,1.022687,0.1092311,0.7310653,0.04783042,0.4719352,0.0660909,0.04165744,LOVEJUTSU
1.250256,0.09459108,1.025192,0.1092867,0.7319732,0.04787101,0.4327222,0.04910744,0.04146515,LOVEJUTSU
1.249873,0.09460354,1.024012,0.1093008,0.7487995,0.04781244,0.4331532,0.04448849,0.04137456,LOVEJUTSU
1.249656,0.09461614,1.023566,0.1092583,0.7496128,0.04758818,0.4192531,0.0417036,0.04120419,LOVEJUTSU
1.247307,0.09453662,1.019303,0.1092278,0.7486458,0.04763501,0.4180553,0.0416049,0.04136897,LOVEJUTSU
1.242425,0.09436493,1.013703,0.1092219,0.743159,0.0477967,0.414306,0.04211884,0.0416122,LOVEJUTSU
1.24547,0.09451645,1.014946,0.1092164,0.7416186,0.04785724,0.4193797,0.04227272,0.04195905,LOVEJUTSU
1.253433,0.09476865,1.023416,0.109193,0.736991,0.04786638,0.4167817,0.04167037,0.04209956,LOVEJUTSU
1.257469,0.09491812,1.030924,0.1091881,0.738429,0.04763943,0.4192554,0.04161251,0.04195007,LOVEJUTSU
1.262369,0.09511124,1.03766,0.1091883,0.7415686,0.04744637,0.4245267,0.04175588,0.0416927,LOVEJUTSU
1.257614,0.09494402,1.01825,0.1092531,0.7429091,0.04811376,0.4238065,0.0431324,0.0420785,LOVEJUTSU
1.250971,0.09473977,1.009069,0.1093456,0.7731264,0.04946009,0.4869745,0.04877501,0.04347342,LOVEJUTSU
1.23237,0.09366953,1.002685,0.10931,1.055907,0.05234226,0.8330329,0.08966913,0.04693067,LOVEJUTSU
1.230493,0.09322742,1.001923,0.1091524,1.19133,0.0537262,0.9674972,0.09604077,0.04898727,LOVEJUTSU
1.230765,0.09296389,1.01005,0.1089147,1.19274,0.05319089,0.9651964,0.09574039,0.04868956,LOVEJUTSU
1.226785,0.09270848,1.016707,0.1086436,1.174002,0.05190099,0.946557,0.09474188,0.04745978,LOVEJUTSU
1.224801,0.09253515,1.01794,0.1084915,1.17329,0.05135078,0.9491083,0.09468937,0.04680941,LOVEJUTSU
1.231422,0.09243131,1.019665,0.1082096,1.169652,0.05043863,0.9598429,0.09481432,0.04535221,LOVEJUTSU
1.22936,0.09242995,1.016479,0.1081385,1.178169,0.04956805,0.9761057,0.09521404,0.04421183,LOVEJUTSU
1.230293,0.09257486,1.007136,0.1080921,1.179451,0.04961129,0.9789625,0.09532811,0.04418613,LOVEJUTSU
1.233754,0.0928692,0.9960401,0.1080755,1.179306,0.04989294,0.9781338,0.09540129,0.04440163,LOVEJUTSU
1.237626,0.09313505,0.9882215,0.1080364,1.183255,0.04997583,0.9810362,0.0956315,0.04445424,LOVEJUTSU
1.245031,0.09349178,0.9844248,0.1080003,1.185498,0.05001458,0.982739,0.09584105,0.04441928,LOVEJUTSU
1.254114,0.09381004,0.9902055,0.1080431,1.177511,0.05012174,0.9750863,0.09557454,0.04449662,LOVEJUTSU
1.26052,0.09396428,0.9894977,0.1080835,1.168365,0.05056313,0.9674252,0.09551719,0.04486134,LOVEJUTSU
1.266211,0.09408893,0.9884908,0.1080742,1.163799,0.05083211,0.9629937,0.0955294,0.04512834,LOVEJUTSU
1.26888,0.09420535,0.9937735,0.1081414,1.168236,0.05079864,0.966463,0.09581252,0.0451505,LOVEJUTSU
1.266063,0.09415931,0.9976256,0.1083307,1.177147,0.05101683,0.9753152,0.09621242,0.04542009,LOVEJUTSU
1.262291,0.09411135,0.9964235,0.1084521,1.179415,0.05113606,0.9767216,0.096263,0.04554668,LOVEJUTSU
1.256773,0.09399841,0.9948872,0.1085852,1.185589,0.05113998,0.9800203,0.09640828,0.04563348,LOVEJUTSU
1.254388,0.09394698,0.9925172,0.1086312,1.189028,0.05121868,0.9808051,0.09651283,0.04584625,LOVEJUTSU
1.254195,0.09399236,0.9982287,0.1087454,1.190678,0.05111315,0.9793453,0.09655227,0.04585664,LOVEJUTSU
1.254424,0.09415545,1.009876,0.1089061,1.18555,0.05067717,0.970759,0.09630524,0.04547077,LOVEJUTSU
1.253194,0.09427049,1.012595,0.109033,1.17334,0.05057015,0.9561323,0.09588751,0.04534582,LOVEJUTSU
1.247272,0.09410071,1.018511,0.1092028,1.15682,0.05069389,0.9338356,0.09533975,0.04554233,LOVEJUTSU
1.238275,0.09357461,1.024569,0.1092965,1.13136,0.05144064,0.8979015,0.09439474,0.04668606,LOVEJUTSU
1.240396,0.09373889,1.024255,0.1092591,1.131137,0.0509185,0.8990248,0.09423548,0.04599175,LOVEJUTSU
1.24314,0.09404229,1.022841,0.1091836,1.144709,0.05000258,0.9153107,0.09458733,0.04477081,LOVEJUTSU
1.246305,0.09427594,1.023375,0.1091492,1.153785,0.04957031,0.9278194,0.0949372,0.0441637,LOVEJUTSU
1.247934,0.09443268,1.022815,0.1091185,1.156587,0.0492299,0.9320776,0.09500862,0.04370897,LOVEJUTSU
1.247343,0.09448596,1.02309,0.1091022,1.157519,0.04885082,0.9338412,0.09496465,0.04327058,LOVEJUTSU
1.245457,0.09447376,1.024913,0.1091166,1.159405,0.04838423,0.9335245,0.09493713,0.04271237,LOVEJUTSU
1.243191,0.09440769,1.027322,0.1090962,1.164466,0.04781733,0.9345701,0.09494592,0.04213738,LOVEJUTSU
1.242688,0.09437973,1.033241,0.1090479,1.169837,0.04688471,0.9289166,0.09519204,0.04106938,LOVEJUTSU
1.244762,0.09442593,1.036062,0.1089711,1.12586,0.04592806,0.8826027,0.09369269,0.03994662,LOVEJUTSU
1.244804,0.09417541,1.03571,0.1089128,0.8664651,0.04526287,0.6344199,0.08195678,0.03916118,LOVEJUTSU
1.247551,0.09411328,1.041773,0.1089882,0.7525817,0.04503912,0.4194018,0.04354664,0.0389171,LOVEJUTSU
1.247298,0.09403763,1.045596,0.1090136,0.7656066,0.04497239,0.419887,0.04114737,0.03888511,LOVEJUTSU
1.251649,0.09423452,1.058183,0.1091269,0.7709853,0.04470423,0.4255064,0.04028986,0.0387496,LOVEJUTSU
1.257127,0.09446575,1.06335,0.1091485,0.7620966,0.04459683,0.423615,0.0406831,0.03880453,LOVEJUTSU
1.260912,0.09461927,1.066369,0.1091589,0.7608703,0.04455356,0.4245325,0.04079601,0.03878151,LOVEJUTSU
1.262591,0.09471458,1.068957,0.1091826,0.7612737,0.04454852,0.4251318,0.04077645,0.03878165,LOVEJUTSU
1.2623,0.094745,1.065023,0.1091654,0.7598729,0.04473961,0.4264375,0.04115696,0.03902425,LOVEJUTSU
1.262256,0.09476089,1.062163,0.1091461,0.7562217,0.04494655,0.426815,0.04157326,0.03927747,LOVEJUTSU
1.252729,0.09439962,1.045293,0.1091613,0.7502975,0.04579,0.4226408,0.04325565,0.03998906,LOVEJUTSU
1.2439,0.09411373,1.030694,0.1091986,0.7405363,0.04751996,0.4289292,0.04660637,0.04167611,LOVEJUTSU
1.232006,0.09363558,1.000256,0.1093377,0.9243233,0.05194245,0.6792029,0.07801914,0.04595789,LOVEJUTSU
1.223653,0.09290978,0.9856104,0.10928,1.164703,0.05518811,0.9352342,0.09570264,0.05024524,LOVEJUTSU
1.220145,0.09253584,0.9891826,0.1091309,1.182275,0.05516998,0.9542357,0.09607116,0.0507626,LOVEJUTSU
1.215982,0.09224148,1.001604,0.1089378,1.173576,0.05491227,0.950944,0.09579575,0.05069279,LOVEJUTSU
1.215189,0.0922263,1.005627,0.1088773,1.173757,0.05471662,0.952892,0.0957492,0.05044825,LOVEJUTSU
1.217481,0.09248538,1.008552,0.1088193,1.174739,0.05376403,0.9553739,0.09582229,0.04911208,LOVEJUTSU
1.217794,0.0925688,1.010066,0.1088232,1.174996,0.05338887,0.9550868,0.09589717,0.04864403,LOVEJUTSU
1.227301,0.09333548,1.009882,0.108843,1.173101,0.05183442,0.9646476,0.09578866,0.04646289,LOVEJUTSU
1.230746,0.09365538,1.008512,0.1088619,1.176007,0.05140888,0.9721674,0.09591817,0.04583859,LOVEJUTSU
1.222575,0.0933225,1.00547,0.1090032,1.176117,0.05267005,0.9631674,0.09585971,0.0473122,LOVEJUTSU
1.219261,0.09309262,1.004118,0.1090472,1.172853,0.05343905,0.9539558,0.09579445,0.04835041,LOVEJUTSU
1.219919,0.09310695,1.004343,0.1090411,1.171488,0.05349494,0.9497647,0.09571572,0.04855894,LOVEJUTSU
1.225998,0.09344538,1.003848,0.1090085,1.171206,0.05295634,0.9536508,0.09561373,0.04790707,LOVEJUTSU
1.233308,0.09391195,1.002187,0.108992,1.172893,0.05226061,0.9615965,0.09556728,0.04696406,LOVEJUTSU
1.240109,0.09439224,0.9978335,0.1089979,1.169956,0.05156088,0.9637553,0.09535651,0.04602206,LOVEJUTSU
1.243391,0.09458645,0.9964516,0.1090455,1.164451,0.050853,0.9572027,0.09515901,0.04518176,LOVEJUTSU
1.243717,0.09454484,1.001606,0.1091181,1.16831,0.05042749,0.9568788,0.09538912,0.04480467,LOVEJUTSU
1.243823,0.09449976,1.008637,0.109221,1.170639,0.05023677,0.9552872,0.09557875,0.04467183,LOVEJUTSU
1.241695,0.09437257,1.017722,0.1093005,1.177618,0.0499467,0.9586416,0.09580336,0.04449154,LOVEJUTSU
1.239161,0.09428623,1.021555,0.1093386,1.181612,0.04974406,0.960415,0.09590843,0.04434428,LOVEJUTSU
1.235452,0.09417781,1.031047,0.1094136,1.16764,0.04918379,0.9416012,0.0954491,0.04391075,LOVEJUTSU
1.233465,0.09414927,1.036603,0.109441,1.139077,0.04871821,0.9092196,0.0945453,0.04352088,LOVEJUTSU
1.232612,0.09415137,1.037216,0.1094128,1.14672,0.04845629,0.9154485,0.09470641,0.04330477,LOVEJUTSU
1.232842,0.09417245,1.02924,0.1093569,1.159223,0.04875526,0.9288014,0.09516583,0.04361775,LOVEJUTSU
1.233883,0.09420239,1.020392,0.1092972,1.162373,0.04922095,0.9337586,0.09516217,0.04406212,LOVEJUTSU
1.234359,0.09420285,1.012234,0.1092662,1.166938,0.04973938,0.9404048,0.09539958,0.04453796,LOVEJUTSU
1.230987,0.09392719,1.00106,0.1092626,1.159144,0.05083564,0.9342483,0.09532996,0.04553442,LOVEJUTSU
1.224251,0.09341814,0.9894409,0.1093012,1.135901,0.05242314,0.9081774,0.09459577,0.04729214,LOVEJUTSU
1.228515,0.09375771,1.006155,0.1092959,1.142541,0.05010447,0.9067665,0.09464999,0.044532,LOVEJUTSU
1.226506,0.09365609,1.059829,0.1096364,0.8932553,0.04543335,0.5938743,0.04764986,0.03958014,LOVEJUTSU
1.197404,0.09218142,1.06782,0.1098799,0.8317432,0.04306836,0.4510464,0.03992167,0.03797021,LOVEJUTSU
1.099113,0.08647311,1.062674,0.1092286,0.8149047,0.04244773,0.4411334,0.03856526,0.03725189,LOVEJUTSU
0.8578596,0.07557299,1.065578,0.1082467,0.7747287,0.04286968,0.4193533,0.03888425,0.03761076,LOVEJUTSU
0.5531309,0.06437458,1.064822,0.1076767,0.7373879,0.04412306,0.3912276,0.04077595,0.03947012,LOVEJUTSU
0.5772555,0.06254043,1.064266,0.108293,0.7699246,0.04407804,0.414584,0.04035628,0.03935515,LOVEJUTSU
0.5827448,0.06182987,1.038847,0.1086317,0.7618151,0.0454217,0.407637,0.041309,0.04055083,LOVEJUTSU
0.5529167,0.06116161,0.9919292,0.1094467,0.7146613,0.04860105,0.3882059,0.0447528,0.04290268,LOVEJUTSU
1.13476,0.08990908,1.031863,0.1105048,0.7503685,0.04690187,0.4184099,0.04188636,0.04104707,LOVEJUTSU
1.217988,0.09343389,1.066383,0.1104529,0.7599959,0.04599149,0.4139251,0.04139091,0.04066142,LOVEJUTSU
1.183542,0.09183111,1.088733,0.1102918,0.773213,0.0458471,0.4143972,0.04060103,0.04001204,LOVEJUTSU
1.155935,0.09048127,1.101846,0.1101584,0.7814378,0.04556122,0.4146037,0.04029049,0.03955784,LOVEJUTSU
1.152278,0.0903546,1.110585,0.1101789,0.7844325,0.04472586,0.4188737,0.03998543,0.03902538,LOVEJUTSU
1.095119,0.08847602,1.116752,0.1104122,0.7948307,0.04364972,0.4215648,0.04002494,0.03890154,LOVEJUTSU
0.8354712,0.07699423,1.073124,0.1099704,0.7960151,0.04413451,0.4139333,0.04035854,0.03915916,LOVEJUTSU
1.026742,0.08345992,1.05566,0.1086312,0.7731689,0.043874,0.40727,0.03922543,0.03843112,LOVEJUTSU
1.266461,0.09351699,1.084696,0.1091926,0.7620189,0.0427224,0.4026749,0.03938624,0.03805992,LOVEJUTSU
1.292923,0.09614718,1.131985,0.1096145,0.7466494,0.04233506,0.4087346,0.03954533,0.03764613,LOVEJUTSU
1.233589,0.09414537,1.128541,0.1096217,0.7446705,0.04304514,0.4113103,0.04010471,0.03808542,LOVEJUTSU
1.249741,0.09488179,1.100438,0.1094794,0.7724522,0.04465922,0.47464,0.0470476,0.03930686,LOVEJUTSU
1.235211,0.09401178,1.085846,0.1093082,0.8697245,0.0455632,0.6083962,0.05943097,0.04011475,LOVEJUTSU
1.226152,0.09336703,1.069554,0.1091733,1.119484,0.04668249,0.8959574,0.09229469,0.04116474,LOVEJUTSU
1.234778,0.09362883,1.071147,0.1091764,1.24961,0.04687863,1.031273,0.09723732,0.04136553,LOVEJUTSU
1.239854,0.09389083,1.08058,0.1091773,1.22519,0.0465986,1.008905,0.09643868,0.04107103,LOVEJUTSU
1.243134,0.09408178,1.08171,0.1091321,1.212958,0.04655262,0.9986457,0.09596013,0.04095276,LOVEJUTSU
1.246501,0.09444223,1.070618,0.1089967,1.204156,0.04682925,0.9943066,0.09577426,0.04100921,LOVEJUTSU
1.245434,0.09455827,1.060842,0.1090592,1.205194,0.04771798,0.9955973,0.09639946,0.04183602,LOVEJUTSU
1.241037,0.09451149,1.057218,0.1091722,1.224414,0.04813458,1.01445,0.09714684,0.04229443,LOVEJUTSU
1.241054,0.09459941,1.055977,0.1091626,1.213306,0.04763483,1.001978,0.09662574,0.04176002,LOVEJUTSU
1.238408,0.09456114,1.057681,0.1091657,1.21403,0.0472814,1.001519,0.09655359,0.04142237,LOVEJUTSU
1.23092,0.09431818,1.060624,0.1092871,1.243012,0.04774237,1.031047,0.09736665,0.0419162,LOVEJUTSU
1.229639,0.0942029,1.062851,0.1092877,1.243641,0.04808423,1.031478,0.09753536,0.04232952,LOVEJUTSU
1.231056,0.09414071,1.066005,0.1092442,1.246782,0.04810064,1.034129,0.09768745,0.0423723,LOVEJUTSU
1.232815,0.09407794,1.067271,0.109187,1.241159,0.04813335,1.02832,0.09754431,0.04247105,LOVEJUTSU
1.23452,0.09407841,1.068147,0.1091562,1.236902,0.04825709,1.024061,0.09739517,0.04261192,LOVEJUTSU
1.23608,0.09404703,1.059589,0.1091582,1.228946,0.04848992,1.016477,0.09714027,0.0428194,LOVEJUTSU
1.2258,0.09350406,1.044566,0.1091641,1.210388,0.04828086,0.9931976,0.09645354,0.04271147,LOVEJUTSU
1.221896,0.0931705,1.032825,0.109118,1.189444,0.04823292,0.9675162,0.09554535,0.04274666,LOVEJUTSU
1.216598,0.09297817,1.027355,0.1092074,1.177587,0.04837716,0.9526886,0.09526179,0.04290664,LOVEJUTSU
1.214005,0.09307642,1.025077,0.1093261,1.171847,0.04872679,0.9450895,0.09531514,0.04325013,LOVEJUTSU
1.218155,0.09343756,1.0265,0.1094216,1.168224,0.04902477,0.9410659,0.09544282,0.04354723,LOVEJUTSU
1.221137,0.09361716,1.030105,0.1094703,1.167648,0.04898712,0.9405937,0.09551029,0.04352674,LOVEJUTSU
1.230442,0.09390975,1.0549,0.1093706,1.160282,0.04700964,0.9341654,0.09506908,0.0415349,LOVEJUTSU
1.243089,0.09435694,1.078154,0.1094745,0.6849357,0.04509345,0.3729132,0.05209167,0.03937202,LOVEJUTSU
1.251526,0.0944775,1.096684,0.1095709,0.7860986,0.04365211,0.4208938,0.0397603,0.03788707,LOVEJUTSU
1.250068,0.09408303,1.112921,0.1096896,0.8222349,0.04281427,0.454604,0.03898508,0.03721312,LOVEJUTSU
1.246213,0.09380031,1.115735,0.1097611,0.8057396,0.04262905,0.4424157,0.03908063,0.03717542,LOVEJUTSU
1.242581,0.09359101,1.115917,0.1098299,0.7819774,0.04267046,0.4260344,0.03961822,0.0373933,LOVEJUTSU
1.24021,0.09357235,1.10737,0.109841,0.7805195,0.04296944,0.4241403,0.03998843,0.03769666,LOVEJUTSU
1.240602,0.093626,1.102051,0.1098309,0.7829645,0.04314929,0.424448,0.04010795,0.03788145,LOVEJUTSU
1.241208,0.09367327,1.102542,0.1098124,0.7829358,0.04331859,0.4234596,0.04006785,0.03800151,LOVEJUTSU
1.2431,0.09370804,1.104359,0.1097138,0.7796401,0.0434966,0.4197412,0.03995049,0.03804043,LOVEJUTSU
1.246832,0.09382954,1.105474,0.1096129,0.7760502,0.04357461,0.4166098,0.03981906,0.03799672,LOVEJUTSU
1.252862,0.0942734,1.100299,0.1095202,0.7613261,0.04394663,0.4128319,0.0400437,0.03816361,LOVEJUTSU
1.250348,0.09454194,1.078826,0.1094329,0.7380396,0.0452306,0.4077682,0.04181834,0.03929907,LOVEJUTSU
1.254558,0.0948656,1.06123,0.1093781,0.7232631,0.04713445,0.4156781,0.04639376,0.0413052,LOVEJUTSU
1.253167,0.09480313,1.034624,0.1093272,0.9486914,0.04973259,0.7080395,0.07044813,0.04422459,LOVEJUTSU
1.249256,0.09447677,1.018036,0.1092479,1.082732,0.051098,0.8544607,0.08496037,0.0457173,LOVEJUTSU
1.249758,0.09432506,1.002898,0.1090718,1.203788,0.05243683,0.9943584,0.0961955,0.04703674,LOVEJUTSU
1.249801,0.09439112,0.9993069,0.1090337,1.192799,0.05261866,0.9866731,0.09640725,0.04712112,LOVEJUTSU
1.250823,0.09451313,1.002829,0.1090416,1.181666,0.05229718,0.9756483,0.0961241,0.04670774,LOVEJUTSU
1.249792,0.09469129,1.013521,0.1090953,1.174757,0.05128178,0.9677655,0.09577251,0.04556036,LOVEJUTSU
1.249584,0.09476022,1.016343,0.1091131,1.175152,0.05099728,0.9677455,0.0956969,0.04524859,LOVEJUTSU
1.24704,0.09473673,1.014825,0.1091264,1.175612,0.05080096,0.9670744,0.09566794,0.04498519,LOVEJUTSU
1.246415,0.09477067,1.012991,0.1091335,1.175377,0.05070797,0.9663419,0.09570761,0.04482847,LOVEJUTSU
1.244966,0.09476133,1.011662,0.1091702,1.178135,0.05052574,0.966687,0.09588154,0.04462017,LOVEJUTSU
1.242788,0.09468603,1.00862,0.1092171,1.179316,0.05065894,0.965431,0.0959905,0.04479193,LOVEJUTSU
1.23993,0.09457852,1.007607,0.1092372,1.180927,0.05060166,0.9662901,0.09607446,0.04482378,LOVEJUTSU
1.240398,0.09459266,1.00915,0.1092362,1.179041,0.05048492,0.9643895,0.09598448,0.04472655,LOVEJUTSU
1.24215,0.0946919,1.011428,0.1092409,1.179522,0.05039409,0.9662209,0.09601414,0.04464562,LOVEJUTSU
1.244522,0.09470192,1.017745,0.1092079,1.186477,0.05029369,0.9743521,0.09616074,0.04460852,LOVEJUTSU
1.247559,0.09470039,1.024523,0.1091337,1.195357,0.05009452,0.9833682,0.09628962,0.04450112,LOVEJUTSU
1.250119,0.094708,1.026815,0.1090649,1.191304,0.04998947,0.9805518,0.09604961,0.04439475,LOVEJUTSU
1.252018,0.09467202,1.035494,0.1089942,1.199521,0.04960446,0.9889498,0.09614654,0.04411224,LOVEJUTSU
1.251814,0.09480666,1.033764,0.1090036,1.196668,0.049457,0.9857893,0.09596954,0.04388843,LOVEJUTSU
1.252419,0.09478909,1.041868,0.1089718,1.200851,0.04884889,0.9874209,0.09593574,0.04335283,LOVEJUTSU
1.251694,0.09470879,1.044202,0.1090201,1.201178,0.04896694,0.9859982,0.09599483,0.04349897,LOVEJUTSU
1.246894,0.09458894,1.038264,0.109142,1.187943,0.04930178,0.9706652,0.0957284,0.04377827,LOVEJUTSU
1.238152,0.09396617,1.052537,0.1091292,1.197588,0.04870903,0.9808531,0.09602287,0.04331553,LOVEJUTSU
1.233151,0.09360387,1.052909,0.1091034,1.201259,0.04838518,0.9826545,0.09606151,0.04298596,LOVEJUTSU
1.229391,0.09339847,1.054138,0.1091269,1.2039,0.0481706,0.9862866,0.09612278,0.04279052,LOVEJUTSU
1.22787,0.09337366,1.053665,0.1091477,1.201847,0.04809376,0.9852862,0.09616292,0.04271767,LOVEJUTSU
1.229632,0.09348818,1.053138,0.109128,1.203734,0.04798281,0.9879819,0.09636078,0.04262841,LOVEJUTSU
1.230765,0.09361237,1.051505,0.1091005,1.197342,0.04790773,0.9788179,0.09612856,0.04253867,LOVEJUTSU
1.232245,0.09374324,1.052568,0.1090769,1.203102,0.0477162,0.9811292,0.09635416,0.0423323,LOVEJUTSU
1.233982,0.09382746,1.053578,0.1090672,1.201466,0.04766672,0.977994,0.09623972,0.04231577,LOVEJUTSU
1.236919,0.09396513,1.052727,0.1090619,1.203396,0.04757516,0.9771666,0.09628952,0.04218237,LOVEJUTSU
1.23851,0.094072,1.050935,0.1090718,1.20204,0.0475779,0.9754874,0.0962474,0.04217437,LOVEJUTSU
1.239845,0.09412328,1.049645,0.109082,1.200117,0.04755235,0.9737752,0.09612375,0.04210901,LOVEJUTSU
1.240098,0.0941111,1.051206,0.1091235,1.197756,0.04746756,0.9738026,0.09606662,0.04204837,LOVEJUTSU
1.238475,0.09401377,1.05189,0.1091766,1.195321,0.04752791,0.9741178,0.09603067,0.04218096,LOVEJUTSU
1.238101,0.09399056,1.049126,0.1091996,1.190464,0.04773857,0.9709781,0.09593469,0.04244778,LOVEJUTSU
1.236759,0.0939444,1.0463,0.10921,1.186535,0.047865,0.9682455,0.09581967,0.04259656,LOVEJUTSU
1.237484,0.09399796,1.047351,0.1092132,1.186099,0.04784317,0.9702432,0.09584618,0.0425974,LOVEJUTSU
1.237901,0.09401212,1.046276,0.1091797,1.18525,0.04784992,0.9703002,0.09578175,0.04260279,LOVEJUTSU
1.239826,0.09415421,1.046919,0.1091414,1.188625,0.04774595,0.9717113,0.09573112,0.04250782,LOVEJUTSU
1.241892,0.0942676,1.048789,0.1091158,1.192337,0.0477085,0.9743337,0.09578569,0.04252367,LOVEJUTSU
1.244498,0.09439772,1.050955,0.1090932,1.196144,0.04770781,0.9780036,0.09584807,0.04255186,LOVEJUTSU
1.24553,0.09444123,1.05165,0.1090749,1.195812,0.04773058,0.9778901,0.09579948,0.04254518,LOVEJUTSU
1.246149,0.09445667,1.048466,0.1090588,1.194173,0.04790049,0.9766496,0.09570555,0.04264275,LOVEJUTSU
1.246153,0.09443064,1.044892,0.1090446,1.192386,0.0481776,0.9744918,0.09560643,0.04289268,LOVEJUTSU
1.246306,0.09439421,1.040845,0.1090349,1.190317,0.04855462,0.9713966,0.09544153,0.04326649,LOVEJUTSU
1.246832,0.09439567,1.044569,0.1090491,1.191183,0.04830714,0.9721289,0.09544028,0.0430301,LOVEJUTSU
1.247104,0.09437378,1.0516,0.1090554,1.192626,0.04784833,0.97448,0.09553295,0.04258827,LOVEJUTSU
1.246075,0.09430557,1.056225,0.1090523,1.194479,0.04755203,0.9773158,0.09568097,0.04231377,LOVEJUTSU
1.245754,0.09428327,1.056023,0.1090503,1.193183,0.04757764,0.9761643,0.09569302,0.04236621,LOVEJUTSU
1.245414,0.094289,1.057678,0.1090483,1.194384,0.04744293,0.9765012,0.09572457,0.04225778,LOVEJUTSU
1.243062,0.09422325,1.056065,0.1090463,1.19657,0.04740529,0.9763809,0.09579183,0.04223965,LOVEJUTSU
1.242632,0.09425269,1.049268,0.109035,1.192919,0.04745043,0.9700626,0.09555645,0.04226743,LOVEJUTSU
1.238338,0.09428314,1.034076,0.1092487,1.175959,0.04843657,0.9483284,0.09540761,0.04301963,LOVEJUTSU
1.23718,0.0943453,1.025809,0.1093507,1.170477,0.04904338,0.940466,0.09549747,0.04358503,LOVEJUTSU
1.234264,0.0942818,1.01921,0.1094898,1.155087,0.04957289,0.9256246,0.09548789,0.04422433,LOVEJUTSU
1.235148,0.09424017,1.031042,0.1094723,1.148826,0.04900053,0.9194443,0.09522314,0.0437431,LOVEJUTSU
1.245159,0.09442228,1.079731,0.1094568,0.6751219,0.0461002,0.3971251,0.06032428,0.04062114,LOVEJUTSU
1.254945,0.0947869,1.108503,0.1096064,0.7627924,0.04472945,0.4132762,0.03951486,0.03950957,LOVEJUTSU
1.257165,0.09488455,1.115771,0.1096686,0.8007889,0.04429476,0.4481357,0.03886401,0.03914106,LOVEJUTSU
1.256274,0.09490965,1.117265,0.1097394,0.794475,0.04414861,0.4460874,0.03898035,0.03907827,LOVEJUTSU
1.251166,0.09480911,1.105945,0.109738,0.7720525,0.04443786,0.427621,0.03975389,0.03926928,LOVEJUTSU
1.249915,0.09476925,1.09738,0.1096956,0.7626605,0.04471571,0.4196075,0.04019702,0.03937684,LOVEJUTSU
1.249552,0.09472296,1.088724,0.1096161,0.7552849,0.04499502,0.4138193,0.04054685,0.03945646,LOVEJUTSU
1.253139,0.09478466,1.078877,0.1094956,0.7475088,0.04556799,0.4113964,0.0411984,0.03991013,LOVEJUTSU
1.25318,0.09476267,1.064748,0.1094282,0.738681,0.04648997,0.4181365,0.04297641,0.04085239,LOVEJUTSU
1.254386,0.09476852,1.047419,0.1093118,0.7551739,0.04798216,0.4646998,0.04628647,0.04234311,LOVEJUTSU
1.255447,0.09452857,1.051533,0.1090594,0.8432906,0.04898694,0.593368,0.05470151,0.04337333,LOVEJUTSU
1.252529,0.09426849,1.056924,0.1089369,0.9283696,0.04882604,0.6988509,0.06544971,0.04329046,LOVEJUTSU
1.244787,0.09392078,1.064689,0.1089105,1.121193,0.0479112,0.9082584,0.08907771,0.04232537,LOVEJUTSU
1.240326,0.09390258,1.080576,0.1091229,1.08661,0.04697973,0.8755106,0.09139352,0.041254,LOVEJUTSU
1.240764,0.09415993,1.105526,0.1093731,0.6968193,0.04608243,0.4458899,0.06295193,0.04012645,LOVEJUTSU
1.251374,0.09472307,1.135313,0.1096304,0.7642422,0.04487713,0.4216784,0.03878108,0.0392804,LOVEJUTSU
1.260209,0.09508178,1.148223,0.1096973,0.7855572,0.04439228,0.4442898,0.03800086,0.03914723,LOVEJUTSU
1.26247,0.09519342,1.146615,0.1097099,0.7636153,0.04444139,0.432165,0.03862277,0.03930037,LOVEJUTSU
1.266097,0.09535315,1.140475,0.1097101,0.7578201,0.0445113,0.4274972,0.03926451,0.039418,LOVEJUTSU
1.268543,0.09534795,1.132281,0.1096752,0.7624384,0.04459262,0.4290688,0.03946809,0.03943862,LOVEJUTSU
1.269114,0.09526337,1.126379,0.1096156,0.7662596,0.04462105,0.4312044,0.03937107,0.03944366,LOVEJUTSU
1.266213,0.09501475,1.126247,0.1096433,0.7615692,0.04469246,0.4183452,0.03905318,0.03926585,LOVEJUTSU
1.267968,0.0950457,1.12976,0.1095893,0.7590017,0.04481014,0.4223299,0.03929484,0.03927752,LOVEJUTSU
1.265175,0.09501006,1.135673,0.1096519,0.7595158,0.04457772,0.4249103,0.03924042,0.03910992,LOVEJUTSU
1.261447,0.09491605,1.139665,0.1097204,0.7584237,0.04440414,0.4249478,0.03915543,0.03910329,LOVEJUTSU
1.261688,0.09494121,1.138161,0.1097318,0.7613276,0.044435,0.4276407,0.03927438,0.03923729,LOVEJUTSU
1.263689,0.09509584,1.128046,0.1097526,0.7533277,0.04499005,0.4151127,0.03944947,0.03963949,LOVEJUTSU
1.259805,0.09511518,1.117262,0.1098481,0.749344,0.04520597,0.4044133,0.03948872,0.03979545,LOVEJUTSU
1.257011,0.09501708,1.103381,0.1098127,0.7407252,0.04601192,0.4010188,0.039836,0.04060643,LOVEJUTSU
1.248761,0.09479478,1.090903,0.109754,0.7371441,0.04630514,0.3927781,0.03968827,0.04071642,LOVEJUTSU
1.260671,0.09513129,1.095019,0.1095278,0.728931,0.04630195,0.3917442,0.03975419,0.04053795,LOVEJUTSU
1.266333,0.09526202,1.098067,0.1093811,0.7254848,0.04620672,0.392431,0.03999531,0.04032347,LOVEJUTSU
1.270762,0.09536431,1.109088,0.1093738,0.7407902,0.04570722,0.411914,0.03976467,0.04007616,LOVEJUTSU
1.276806,0.09543969,1.119537,0.1093519,0.7585626,0.04517054,0.4298614,0.03932497,0.03975176,LOVEJUTSU
1.280463,0.0955483,1.118022,0.1093651,0.7619651,0.04505905,0.4314305,0.03932689,0.0396969,LOVEJUTSU
1.27904,0.09564364,1.108716,0.1093674,0.7491316,0.04522333,0.4119847,0.03956448,0.03971091,LOVEJUTSU
1.273227,0.09552091,1.102083,0.1093554,0.7378883,0.04539718,0.3974092,0.03972649,0.03978175,LOVEJUTSU
1.267812,0.09548844,1.079061,0.1093867,0.7362496,0.04612035,0.3942044,0.04000357,0.04031302,LOVEJUTSU
1.267097,0.09555524,1.060758,0.1094086,0.7315041,0.04689189,0.3955917,0.04094088,0.0409555,LOVEJUTSU
1.26628,0.0955449,1.059793,0.1094274,0.7301878,0.04693416,0.4006528,0.04186602,0.04115156,LOVEJUTSU
1.268135,0.09547228,1.068689,0.1093548,0.7283278,0.0467089,0.4040948,0.04220085,0.04108835,LOVEJUTSU
1.268002,0.09547458,1.075252,0.1093248,0.739072,0.04592291,0.4250127,0.04292661,0.0405078,LOVEJUTSU
1.260117,0.09525105,1.068489,0.1093795,0.7656286,0.04624406,0.4660099,0.04508125,0.04071804,LOVEJUTSU
1.255528,0.09508865,1.053721,0.1094189,0.7973608,0.04753564,0.5207161,0.05036969,0.04166564,LOVEJUTSU
1.253313,0.09486913,1.04546,0.1093485,0.8466715,0.04843649,0.584886,0.05552879,0.04233195,LOVEJUTSU
1.250124,0.09481465,1.04549,0.1093857,0.8716754,0.04858131,0.6144311,0.05725561,0.04247183,LOVEJUTSU
1.249016,0.09500213,1.037899,0.1094075,0.9195461,0.0486751,0.6682754,0.062893,0.04258101,LOVEJUTSU
1.250588,0.09516132,1.041026,0.1094252,0.9527325,0.04850752,0.7154307,0.07363543,0.04256113,LOVEJUTSU
1.248211,0.09512836,1.033565,0.1093846,1.012282,0.04860978,0.783743,0.08325335,0.04263024,LOVEJUTSU
1.246485,0.09506812,1.031684,0.1092799,1.044793,0.04843406,0.8206749,0.0878929,0.04246651,LOVEJUTSU
1.236997,0.09434149,1.016622,0.1090802,1.184505,0.04966443,0.9677231,0.09651443,0.04387408,LOVEJUTSU
1.228657,0.09348101,0.9781863,0.1087597,1.212018,0.05213303,1.006526,0.09761409,0.04656171,LOVEJUTSU
1.239044,0.09385618,1.002432,0.1087182,1.244095,0.05112674,1.034192,0.09743473,0.04557814,LOVEJUTSU
1.243881,0.09418034,1.010906,0.1086645,1.233442,0.05065125,1.02398,0.09658182,0.04495015,LOVEJUTSU
1.245549,0.09428896,1.022328,0.1087054,1.240487,0.05009936,1.032391,0.09672868,0.04440128,LOVEJUTSU
1.247368,0.09449969,1.029083,0.1087457,1.233589,0.04957192,1.023297,0.09647593,0.04377363,LOVEJUTSU
1.24626,0.09453408,1.038432,0.1087859,1.235733,0.04913314,1.025669,0.09661257,0.04338793,LOVEJUTSU
1.246268,0.09456719,1.049187,0.1088065,1.243056,0.04879398,1.034318,0.09681157,0.04309874,LOVEJUTSU
1.243024,0.09451643,1.061745,0.1088752,1.24093,0.04773735,1.030845,0.0965666,0.04209026,LOVEJUTSU
1.239527,0.09442868,1.069755,0.1089209,1.23933,0.04707147,1.02953,0.09631617,0.04143598,LOVEJUTSU
1.234086,0.09425429,1.076824,0.1091374,1.246975,0.0470198,1.0404,0.09670036,0.04139787,LOVEJUTSU
1.234817,0.09427758,1.075662,0.1092016,1.249163,0.04722384,1.043922,0.09676955,0.04154167,LOVEJUTSU
1.239692,0.09449013,1.078119,0.1092521,1.249804,0.04712103,1.045738,0.09683293,0.04132622,LOVEJUTSU
1.243287,0.09452368,1.085623,0.1092266,1.240552,0.04695411,1.038547,0.09646901,0.04116601,LOVEJUTSU
1.24843,0.09449986,1.080654,0.1090412,1.242877,0.04746851,1.042163,0.09681395,0.04171073,LOVEJUTSU
1.248827,0.09449337,1.062875,0.1089382,1.236198,0.04834416,1.033622,0.09701705,0.04247984,LOVEJUTSU
1.249353,0.0944905,1.050799,0.1089031,1.241453,0.04893911,1.037677,0.0976018,0.04305585,LOVEJUTSU
1.242786,0.09407552,1.029553,0.1087982,1.214669,0.0492778,1.00944,0.0969243,0.04339435,LOVEJUTSU
1.240211,0.09371898,1.027675,0.1086845,1.207636,0.04890322,1.000723,0.09646051,0.04311004,LOVEJUTSU
1.235266,0.09320535,1.025339,0.1085309,1.206438,0.04833299,0.9982687,0.0964004,0.04268485,LOVEJUTSU
1.235258,0.09310867,1.026566,0.1085093,1.204711,0.04842222,0.9978063,0.09630342,0.04276365,LOVEJUTSU
1.239,0.0932288,1.03121,0.1085377,1.204688,0.04835298,0.9970005,0.09648427,0.04268914,LOVEJUTSU
1.237596,0.09326351,1.034771,0.1086523,1.206083,0.04860571,0.9968681,0.09640256,0.04295412,LOVEJUTSU
1.232498,0.09350449,1.031127,0.1088961,1.199173,0.04913377,0.9877795,0.09621547,0.0433122,LOVEJUTSU
1.233198,0.09371583,1.045106,0.1090781,1.207185,0.04840795,0.9969548,0.096693,0.0426008,LOVEJUTSU
1.22984,0.09361417,1.054197,0.1091949,1.176045,0.0478778,0.9679255,0.09581936,0.04209838,LOVEJUTSU
1.22691,0.09341258,1.066898,0.1092589,1.080696,0.04728562,0.8744679,0.09240138,0.04153589,LOVEJUTSU
1.223789,0.09321813,1.073055,0.1092379,0.9912961,0.04699285,0.783673,0.08795145,0.04118842,LOVEJUTSU
1.224246,0.09318423,1.071995,0.1092334,0.9293275,0.0469909,0.7139606,0.08301933,0.04114604,LOVEJUTSU
1.225421,0.09315792,1.067848,0.1091986,0.913681,0.04711769,0.6932186,0.08023681,0.04128722,LOVEJUTSU
1.228631,0.09340333,1.066497,0.1092161,0.8971215,0.04714826,0.6709479,0.07758736,0.04131752,LOVEJUTSU
1.243449,0.09423694,1.074605,0.109427,0.7819223,0.04712955,0.5346785,0.06673873,0.04115013,LOVEJUTSU
1.261094,0.095248,1.089659,0.1097118,0.6534369,0.04690641,0.3412227,0.04983666,0.04107847,LOVEJUTSU
1.268294,0.09578608,1.102711,0.1099241,0.7413806,0.04665094,0.3969005,0.04129121,0.04132195,LOVEJUTSU
1.270579,0.09605493,1.116975,0.1101478,0.7850274,0.04603265,0.4349065,0.04004245,0.04133172,LOVEJUTSU
1.270017,0.09602213,1.121622,0.1102128,0.7766664,0.04560674,0.4252241,0.0395583,0.04090982,LOVEJUTSU
1.26444,0.09581009,1.109864,0.1102039,0.7613731,0.04608441,0.4176857,0.04037188,0.04125737,LOVEJUTSU
1.262516,0.09564566,1.10777,0.1101481,0.7469983,0.04610499,0.4057322,0.04056562,0.04107885,LOVEJUTSU
1.262591,0.09557924,1.101613,0.1100478,0.7495446,0.04635254,0.4125894,0.04097906,0.04119872,LOVEJUTSU
1.264173,0.09554964,1.09945,0.1099399,0.7456892,0.04645329,0.4124416,0.04128812,0.04111902,LOVEJUTSU
1.262796,0.09545348,1.097173,0.1099399,0.7354506,0.0466875,0.4052035,0.04177515,0.04115257,LOVEJUTSU
1.260423,0.09535046,1.094073,0.1099527,0.7401803,0.04691136,0.4098861,0.04173545,0.04140262,LOVEJUTSU
1.261645,0.0954188,1.094532,0.1098768,0.7375443,0.0469094,0.4100524,0.04155349,0.04157169,LOVEJUTSU
1.262302,0.09536101,1.098723,0.1097697,0.7355397,0.04643741,0.4087024,0.04099353,0.04121978,LOVEJUTSU
1.261444,0.09540746,1.093632,0.1098108,0.7382671,0.0467542,0.4105725,0.04120093,0.04157403,LOVEJUTSU
1.259231,0.09541965,1.081519,0.1098428,0.7365075,0.04746663,0.4136781,0.04226599,0.04220529,LOVEJUTSU
1.251603,0.09521633,1.062457,0.1098932,0.7395463,0.04830182,0.4247303,0.04402992,0.04296179,LOVEJUTSU
1.247998,0.09511364,1.058011,0.109954,0.7352149,0.04838454,0.4192834,0.04454162,0.04289608,LOVEJUTSU
1.240374,0.09462895,1.054873,0.1099213,0.7478213,0.0479406,0.4160531,0.0429884,0.04221462,LOVEJUTSU
1.237581,0.09429555,1.058438,0.1098634,0.752461,0.04680499,0.4078806,0.04139112,0.04072868,LOVEJUTSU
1.240903,0.09418987,1.07338,0.1098861,0.7854096,0.04502881,0.4197626,0.03993816,0.03877893,LOVEJUTSU
1.24068,0.09403858,1.092521,0.1099006,0.7943576,0.04399168,0.4252239,0.03966648,0.03808889,LOVEJUTSU
1.236681,0.09397653,1.116748,0.110041,0.7818444,0.04317067,0.4251169,0.03980105,0.03806818,LOVEJUTSU
1.233544,0.09406927,1.119576,0.1101353,0.7753744,0.04310998,0.4246837,0.03988388,0.03820093,LOVEJUTSU
1.220866,0.09422176,1.115694,0.1104001,0.7763464,0.04318511,0.4183294,0.04011191,0.03862783,LOVEJUTSU
1.207385,0.09412814,1.10658,0.1106033,0.7924347,0.04333171,0.4123677,0.04020687,0.03903173,LOVEJUTSU
1.19902,0.09398603,1.096402,0.1106855,0.8013209,0.04347839,0.4067162,0.040256,0.03915692,LOVEJUTSU
1.190937,0.09364286,1.083984,0.1106593,0.8053508,0.0436743,0.4024453,0.04023936,0.03910691,LOVEJUTSU
1.185533,0.09326525,1.079974,0.1105744,0.806595,0.04378762,0.4012701,0.04026088,0.03899378,LOVEJUTSU
1.182136,0.09302283,1.080395,0.1105267,0.8055117,0.04383149,0.4021139,0.04033045,0.03896376,LOVEJUTSU
1.180619,0.09291121,1.083178,0.1105138,0.8039637,0.04381217,0.4025605,0.04035559,0.03895061,LOVEJUTSU
1.180721,0.09300032,1.085813,0.1105429,0.8014645,0.04375803,0.4029966,0.04031174,0.03893375,LOVEJUTSU
1.181701,0.09315404,1.084272,0.1105813,0.8012975,0.04375162,0.4040393,0.04019076,0.03892503,LOVEJUTSU
1.185697,0.09341921,1.083496,0.1106201,0.8003237,0.04374461,0.4066505,0.04010014,0.03890343,LOVEJUTSU
1.188722,0.09357078,1.082975,0.1106309,0.80038,0.04373787,0.4076818,0.04008093,0.03888465,LOVEJUTSU
1.190921,0.09363114,1.083836,0.1106305,0.8004111,0.04373004,0.4085931,0.04004707,0.03884612,LOVEJUTSU
1.191904,0.09356999,1.086458,0.1106225,0.7979418,0.04371561,0.4094548,0.04001475,0.03880319,LOVEJUTSU
1.196079,0.09367822,1.088747,0.110603,0.7967698,0.04360214,0.4129813,0.03988791,0.03863325,LOVEJUTSU
1.210841,0.09393833,1.095482,0.1104559,0.7906727,0.04342261,0.4188794,0.03975691,0.03851686,LOVEJUTSU
1.226362,0.09393098,1.103709,0.110207,0.7821078,0.04336248,0.42492,0.03964977,0.03827753,LOVEJUTSU
1.243951,0.09376587,1.09513,0.1097064,0.7718576,0.04425217,0.4285537,0.03980172,0.03849635,LOVEJUTSU
1.257707,0.09418683,1.06763,0.1093097,0.7389765,0.0471192,0.4157694,0.04169862,0.04087995,LOVEJUTSU
1.253929,0.09457563,1.03542,0.1094353,0.7540811,0.04946734,0.4551964,0.04775392,0.04343669,LOVEJUTSU
1.238204,0.0940045,1.012483,0.109513,0.8809837,0.05201698,0.6251356,0.06756581,0.04670619,LOVEJUTSU
1.229853,0.09363169,1.004315,0.1096098,1.076663,0.05334512,0.8337048,0.09041326,0.04894944,LOVEJUTSU
1.227301,0.09343606,1.00485,0.1096129,1.162755,0.05342261,0.9205345,0.0960174,0.04945729,LOVEJUTSU
1.223356,0.09317576,1.004546,0.109615,1.161781,0.05353772,0.9225405,0.09642205,0.04953228,LOVEJUTSU
1.219422,0.09291082,1.009697,0.109593,1.147417,0.05347636,0.910103,0.0957773,0.04931318,LOVEJUTSU
1.217254,0.09278046,1.010612,0.1095706,1.139275,0.05347788,0.9030242,0.09531049,0.04921125,LOVEJUTSU
