THUMB_INDEX_ANGLE,INDEX_MIDDLE_ANGLE,MIDDLE_RING_ANGLE,RING_PINKY_ANGLE,target
38.24372,19.14706,22.64987,28.21622,THUMB
49.97862,19.20142,22.93612,28.71091,THUMB
60.04697,15.69945,22.17955,24.81794,THUMB
70.4168,10.73324,16.46768,19.44376,THUMB
66.03377,11.37454,16.24265,21.27567,THUMB
63.07892,12.92222,18.72732,24.19222,THUMB
62.56621,13.82461,20.39478,26.23104,THUMB
63.00728,13.77857,20.16355,25.89449,THUMB
63.63414,13.68305,19.72588,25.03662,THUMB
63.85084,13.7487,19.62241,24.84723,THUMB
64.02933,13.88051,19.63991,25.15349,THUMB
63.97901,14.01254,19.81737,25.61123,THUMB
63.92663,14.17249,19.85575,26.41053,THUMB
64.43285,14.24609,20.89641,27.22128,THUMB
64.89492,14.18103,21.32031,26.81607,THUMB
63.95773,13.47,20.78236,27.12233,THUMB
64.62568,12.75205,20.37932,27.0724,THUMB
64.54432,13.63072,21.01704,27.08603,THUMB
64.61575,14.25281,21.46719,27.07371,THUMB
64.08043,14.42631,21.75599,27.31821,THUMB
63.41652,14.29444,21.82556,27.50584,THUMB
63.16346,14.14795,21.49649,27.19755,THUMB
63.53064,13.66245,20.93306,26.60277,THUMB
63.7345,13.46659,20.78541,26.91351,THUMB
64.55657,14.01907,19.37004,24.48581,THUMB
63.6749,15.87396,18.67758,23.19192,THUMB
61.36364,15.6035,17.90619,23.74576,THUMB
60.98753,14.66779,16.97014,23.79615,THUMB
61.11852,14.07232,17.52553,22.98932,THUMB
63.03863,13.96094,17.6048,21.96615,THUMB
65.89045,12.96466,17.03752,20.53347,THUMB
64.51304,11.92276,16.42202,19.81383,THUMB
66.33663,11.32785,16.31719,19.29134,THUMB
64.18644,12.54891,16.82631,20.04851,THUMB
59.50385,12.88162,18.05875,21.59058,THUMB
52.31548,14.33319,20.45011,25.18328,THUMB
37.56424,17.17017,27.07613,27.92669,THUMB
31.99886,18.43421,26.01789,27.19906,THUMB
43.17148,17.54014,25.27383,27.65041,THUMB
44.91528,16.38048,23.91064,28.27557,THUMB
38.94882,14.8167,21.42366,27.8426,THUMB
35.60219,15.77519,21.23967,26.82618,THUMB
35.4622,17.61395,21.64159,27.21273,THUMB
41.73108,18.6512,22.45098,27.71892,THUMB
60.73413,15.18962,21.47474,24.9576,THUMB
71.5684,11.68044,17.16082,21.18296,THUMB
72.04337,10.70094,15.80613,20.78351,THUMB
63.77568,11.90688,17.59787,22.78825,THUMB
43.90342,13.66086,22.77264,26.07512,THUMB
30.88073,17.1311,25.40457,27.03758,THUMB
48.35379,18.25444,24.34875,27.16053,THUMB
43.11027,17.58093,25.73667,26.67156,THUMB
58.70065,18.24054,21.85004,27.47674,THUMB
65.35528,12.61498,17.68763,21.4016,THUMB
59.76828,11.52282,16.70889,20.27834,THUMB
34.33691,14.40501,25.29463,25.94441,THUMB
44.98029,17.05457,25.43396,26.7979,THUMB
37.50632,18.48868,26.39446,25.73906,THUMB
51.11402,20.38468,23.89054,27.60252,THUMB
62.94094,14.80776,21.10076,23.78511,THUMB
64.91078,11.47846,17.27387,21.51234,THUMB
65.40661,10.53586,16.59394,20.97778,THUMB
64.53222,11.09744,16.77435,20.76221,THUMB
56.65619,11.96594,17.72514,21.40959,THUMB
42.83059,15.4717,24.10888,26.47377,THUMB
43.44283,20.10276,30.25274,26.9115,THUMB
47.87289,22.06082,28.45284,28.70668,THUMB
52.9433,21.38689,24.9871,29.66916,THUMB
54.07984,18.06063,24.23938,30.51236,THUMB
55.44954,14.6273,23.39073,32.11597,THUMB
64.2937,12.54616,22.85716,31.17742,THUMB
67.06039,12.17644,17.948,22.48328,THUMB
68.24541,10.8234,16.03738,20.1167,THUMB
62.15011,12.17435,18.10092,23.689,THUMB
60.95615,12.06403,19.32047,24.96316,THUMB
61.39667,13.41706,19.90947,26.17913,THUMB
61.16321,13.75105,20.18361,27.00894,THUMB
61.21494,13.43198,19.8023,26.07142,THUMB
62.14644,12.78483,18.6766,24.67205,THUMB
62.03464,13.14558,16.56296,22.58902,THUMB
60.4571,13.94981,16.96045,21.9114,THUMB
64.80447,13.64243,16.89697,20.4394,THUMB
66.90709,13.78366,16.57472,20.10959,THUMB
66.19055,13.52516,16.28418,19.96782,THUMB
67.92017,12.99148,15.71843,19.2571,THUMB
68.29298,12.38133,15.97638,19.22507,THUMB
70.03622,11.29507,15.83922,19.36045,THUMB
67.12164,11.06534,15.90787,19.51031,THUMB
66.52567,11.74419,17.0025,20.23243,THUMB
68.16647,11.51492,17.97438,20.85282,THUMB
67.99992,11.5002,19.69542,23.49429,THUMB
65.5707,11.131,19.42824,26.83563,THUMB
63.03332,12.07272,19.37519,27.38307,THUMB
61.3084,16.22638,18.96265,26.02004,THUMB
60.75507,14.82009,18.25414,24.32655,THUMB
55.20463,14.04426,18.96375,22.99464,THUMB
54.16314,14.07252,17.17738,22.25707,THUMB
57.94808,11.46376,17.4811,22.18882,THUMB
62.8339,10.27064,16.94506,22.80907,THUMB
73.44767,11.0864,17.75286,25.02644,THUMB
71.34409,12.60292,21.70553,33.74322,THUMB
69.14487,19.38731,21.28954,47.50874,THUMB
67.18245,19.25117,22.42206,37.77544,THUMB
51.85329,18.24603,22.46424,28.21208,THUMB
45.78423,15.46124,24.60715,28.42707,THUMB
56.58174,12.39483,24.33453,33.06715,THUMB
66.78146,12.43061,21.5222,45.93753,THUMB
78.98267,14.31946,19.34006,57.25442,THUMB
77.47603,17.29109,21.79418,28.4892,THUMB
60.42518,19.51613,22.90015,23.94249,THUMB
52.19439,19.11542,23.27168,26.54439,THUMB
40.76943,18.74962,24.80662,29.8196,THUMB
37.8041,18.49532,23.40168,29.51069,THUMB
44.5932,18.65966,24.77055,31.61525,THUMB
60.76833,19.44282,22.52716,62.82915,THUMB
62.15979,18.40214,21.35205,60.27293,THUMB
53.33549,18.0495,22.47276,31.81302,THUMB
47.78427,18.2129,22.61838,28.12902,THUMB
44.16567,18.08326,23.00116,29.66792,THUMB
39.21414,17.16653,26.51481,27.36251,THUMB
44.46205,16.68533,25.49571,24.83465,THUMB
62.19777,14.7161,24.58037,63.13843,THUMB
69.75513,16.77471,24.24937,61.35051,THUMB
67.63895,20.90099,23.43324,54.10054,THUMB
62.27903,18.52994,22.43277,30.48936,THUMB
63.11023,12.07444,24.0084,26.34513,THUMB
72.11413,11.19806,20.70035,24.74648,THUMB
70.70431,12.15539,20.73854,25.2302,THUMB
65.19521,16.80008,19.28148,31.18617,THUMB
61.33541,16.82249,19.42147,26.02971,THUMB
63.80824,15.47802,18.46865,23.86367,THUMB
65.56467,14.66424,18.49096,22.7626,THUMB
65.71649,15.82622,18.83175,23.97543,THUMB
65.14537,17.16027,20.34119,24.2861,THUMB
62.97718,16.23446,20.73155,23.78945,THUMB
61.11423,15.40882,20.16902,23.28378,THUMB
64.72582,14.96255,18.19014,21.89593,THUMB
66.77689,14.92287,18.6885,23.1025,THUMB
67.31078,16.0981,18.54873,23.59864,THUMB
64.58552,14.928,20.4946,25.2811,THUMB
59.57551,14.71741,19.54566,24.84863,THUMB
61.64927,13.30397,17.98922,22.53202,THUMB
63.578,13.17736,17.46739,21.77204,THUMB
66.25198,13.83651,18.69183,22.16669,THUMB
65.90532,14.34458,19.58103,23.57612,THUMB
56.85803,14.60333,19.98084,24.76422,THUMB
56.8434,14.33421,18.67437,24.29091,THUMB
60.38638,13.90243,17.70454,22.71164,THUMB
64.82854,13.50114,17.70535,22.06006,THUMB
65.68409,13.98066,18.15836,22.77253,THUMB
61.66712,14.51403,18.95798,23.42087,THUMB
56.92853,14.57871,18.81668,23.74871,THUMB
52.90493,14.64891,19.78857,25.50007,THUMB
49.95644,14.76748,22.8287,27.51726,THUMB
54.4996,13.14555,22.97885,31.6981,THUMB
58.6216,13.07483,23.34112,35.24835,THUMB
55.80116,15.35811,24.29206,32.46511,THUMB
42.93891,19.40603,24.13383,28.55135,THUMB
35.08359,19.83748,24.34926,28.76731,THUMB
33.5679,20.07191,24.30952,30.46469,THUMB
35.47848,21.06787,25.31742,28.66328,THUMB
35.55086,19.82177,24.16816,29.46479,THUMB
36.7393,19.34431,23.5763,29.47981,THUMB
42.94744,19.6671,23.70746,27.82126,THUMB
50.20552,21.05933,23.88055,24.65445,THUMB
50.86094,21.28179,25.9571,26.28539,THUMB
44.60847,20.13023,23.06824,27.30875,THUMB
41.83879,19.50124,22.81041,27.29515,THUMB
41.91883,19.9912,23.23215,28.67122,THUMB
46.27754,19.82966,23.34776,30.69774,THUMB
49.11092,18.27401,23.29403,30.92153,THUMB
58.3222,17.65255,22.93252,36.36607,THUMB
65.32941,14.94524,22.83125,38.28993,THUMB
69.41312,14.79375,21.36544,23.86428,THUMB
64.52819,14.78694,20.4969,24.68089,THUMB
59.43264,13.97313,18.5278,24.39689,THUMB
58.09632,12.75209,17.06254,22.92941,THUMB
58.50932,12.29374,16.81594,22.84998,THUMB
58.62069,12.3281,17.01271,22.88161,THUMB
59.25975,12.40246,17.79654,23.30074,THUMB
60.29755,13.19334,18.61705,23.28442,THUMB
60.72361,13.59936,19.2729,22.92143,THUMB
59.50563,13.11825,18.96037,22.90621,THUMB
53.9888,13.81059,20.03022,24.93489,THUMB
43.50251,16.27578,25.57119,27.38072,THUMB
33.80369,18.34471,25.86581,27.01551,THUMB
43.94437,18.74046,25.85584,27.034,THUMB
46.06459,17.78662,25.70172,27.49419,THUMB
36.55876,17.45353,21.71281,26.99191,THUMB
58.8208,18.72703,22.34884,28.21662,THUMB
67.41689,12.56114,17.72029,21.40472,THUMB
61.6345,13.7786,20.119,25.76338,THUMB
61.0076,15.08498,21.27747,27.10181,THUMB
63.68367,13.8578,20.11774,26.12371,THUMB
63.13065,14.57908,20.29795,25.79348,THUMB
63.01218,13.07451,19.33925,24.95373,THUMB
63.8453,12.9269,15.97893,20.82161,THUMB
48.0634,17.00045,23.2097,27.2304,THUMB
32.9269,16.57961,23.90443,29.4124,THUMB
49.1146,13.89468,22.05345,29.11217,THUMB
46.94307,14.68015,22.88975,27.89719,THUMB
44.46244,16.77096,23.97169,27.34405,THUMB
47.80383,17.55928,23.84805,26.07135,THUMB
50.69371,16.23108,22.41582,24.64645,THUMB
49.41763,16.36142,21.54862,24.66759,THUMB
49.0582,15.69015,23.28339,27.07202,THUMB
32.59572,23.90679,25.15734,26.76299,THUMB
58.62405,14.95607,22.68116,22.48736,THUMB
64.12012,12.62776,16.92704,21.74467,THUMB
54.81814,12.19434,22.03951,25.69722,THUMB
62.19416,14.96275,24.18389,30.41705,THUMB
68.32938,13.03996,20.2253,25.11655,THUMB
64.86087,16.13658,19.03191,26.04841,THUMB
63.70203,17.33916,19.73936,26.13849,THUMB
65.54398,19.65156,22.72174,25.01503,THUMB
65.76978,21.6459,21.68122,25.3854,THUMB
64.9229,16.90404,22.03411,26.03883,THUMB
57.79184,17.44873,21.31682,25.828,THUMB
62.14632,12.49812,20.73919,34.02342,THUMB
50.25661,12.64157,25.76601,28.80124,THUMB
50.33384,16.65182,23.23083,25.19796,THUMB
50.49595,15.26654,23.40506,24.93282,THUMB
53.72028,14.40502,22.28082,26.65528,THUMB
42.19592,14.30708,21.93432,26.55829,THUMB
36.30599,16.07405,21.39008,25.10615,THUMB
44.06107,15.15417,21.37255,24.85915,THUMB
38.60636,17.69353,21.95818,24.34577,THUMB
32.93277,17.44335,24.09355,26.52813,THUMB
52.30787,16.40255,19.22996,23.76346,THUMB
67.91494,10.57916,15.69102,19.19022,THUMB
63.26175,12.65738,16.25235,21.33982,THUMB
65.44522,12.90786,16.20942,23.15822,THUMB
72.2313,11.37709,16.6803,23.56384,THUMB
75.93459,10.62542,16.35201,24.05859,THUMB
77.90781,10.17873,16.61073,24.36809,THUMB
78.49809,9.815881,17.06517,24.44926,THUMB
77.09837,10.36694,16.98532,23.76681,THUMB
76.9254,10.1628,17.15208,24.65024,THUMB
73.57229,12.32171,17.29409,25.09276,THUMB
73.41017,12.07331,17.41497,25.23724,THUMB
73.11381,11.79222,17.72868,25.13445,THUMB
72.10446,12.22032,17.89073,24.76816,THUMB
70.95626,12.59072,17.93798,24.38458,THUMB
68.18359,13.29007,17.78704,23.28029,THUMB
64.408,14.4444,18.74497,24.21703,THUMB
62.78049,15.26442,19.72444,24.59206,THUMB
65.20921,13.8951,20.06499,24.12292,THUMB
70.19721,11.67435,18.8526,24.34269,THUMB
71.65425,11.36035,18.40764,25.64799,THUMB
68.35798,12.30939,19.56178,26.43807,THUMB
65.41995,12.36614,20.8234,26.67196,THUMB
64.1574,12.13765,21.39264,26.37567,THUMB
62.28468,12.46981,21.86419,26.49017,THUMB
58.6135,13.59296,23.25042,26.95524,THUMB
57.36338,14.46492,24.17396,27.28529,THUMB
56.03275,14.75608,24.16301,27.83793,THUMB
54.188,14.83226,23.88032,28.03419,THUMB
54.24047,15.0768,22.62012,28.51153,THUMB
55.80018,15.77218,21.3339,27.67478,THUMB
60.36954,16.3367,19.93159,25.93408,THUMB
66.74967,15.3847,19.5406,23.72667,THUMB
65.77258,14.60903,18.08247,23.10109,THUMB
62.50434,14.14404,17.37949,22.85692,THUMB
58.12389,13.31033,16.63908,21.8767,THUMB
59.80625,12.64397,16.41799,21.09629,THUMB
61.98624,12.42078,16.93037,21.22866,THUMB
62.38909,12.43869,17.19509,21.15708,THUMB
62.28461,12.39292,17.15904,20.90069,THUMB
61.56741,12.36494,16.75706,20.23589,THUMB
60.52605,12.69487,16.72273,20.12126,THUMB
59.36546,12.97076,16.85728,20.1757,THUMB
59.4307,13.05135,16.88191,20.23876,THUMB
60.07181,13.14457,16.52497,20.12632,THUMB
60.99611,12.94734,16.5597,20.41311,THUMB
60.27878,12.35954,16.55556,21.12759,THUMB
59.94174,12.05859,17.01645,21.5968,THUMB
60.88392,11.27295,17.44826,20.98254,THUMB
62.13339,10.72864,17.37213,20.31455,THUMB
64.52141,10.51691,17.78998,20.29437,THUMB
64.22589,10.63497,19.19158,21.46412,THUMB
64.67638,11.22904,19.88832,22.18878,THUMB
63.00486,13.73894,21.80258,24.12808,THUMB
64.6403,15.19619,24.9486,24.50002,THUMB
69.27705,20.81329,27.30733,25.08666,THUMB
65.20687,20.48557,24.61268,26.00109,THUMB
52.88928,16.74271,23.33366,26.41445,THUMB
48.27449,16.16068,23.52835,26.49072,THUMB
50.54303,15.86173,23.9296,26.26509,THUMB
52.12223,15.19123,23.30743,26.40588,THUMB
50.85636,15.64661,22.97478,26.68384,THUMB
49.81602,16.48698,22.61054,27.03063,THUMB
47.94497,16.3363,22.0437,27.59937,THUMB
47.25584,15.67047,22.27936,27.78105,THUMB
44.45636,14.68299,22.40095,27.51308,THUMB
43.51771,14.35903,22.40801,27.20801,THUMB
43.98322,14.47572,22.61194,26.71143,THUMB
45.86972,14.89847,23.24006,26.29189,THUMB
47.8151,15.36327,23.58897,26.73763,THUMB
48.77665,16.09371,23.29944,26.97325,THUMB
48.40034,16.03675,23.42122,27.48149,THUMB
45.94954,15.71256,23.08561,28.53288,THUMB
40.84156,15.82191,23.50152,28.34249,THUMB
35.34998,14.89696,23.34712,28.90577,THUMB
32.95916,15.33382,22.66215,29.48621,THUMB
32.90369,16.77877,22.2451,29.16625,THUMB
37.55348,17.76502,22.91284,27.97234,THUMB
47.1836,16.35183,25.72806,25.52561,THUMB
57.16861,17.69423,26.7195,25.22103,THUMB
61.45919,20.87076,28.16472,25.32218,THUMB
59.21496,21.55398,28.39762,27.42005,THUMB
61.95261,19.91,27.72446,28.39565,THUMB
75.14314,13.64579,27.82595,24.98051,THUMB
76.85307,13.49405,23.65445,24.94689,THUMB
59.48543,17.207,21.1029,25.71918,THUMB
50.14122,18.94808,19.41128,26.2437,THUMB
50.71024,17.46838,19.15425,25.21556,THUMB
52.33495,15.50096,20.05178,25.49602,THUMB
54.35003,13.8938,21.0305,27.04952,THUMB
54.58543,12.40499,21.72236,28.93615,THUMB
56.05577,11.72866,21.14627,27.58163,THUMB
59.79873,10.33293,19.59796,24.88061,THUMB
62.97301,11.32983,17.54523,23.07987,THUMB
63.09581,14.9355,17.31031,23.36608,THUMB
62.06171,16.08142,17.28912,24.09712,THUMB
61.26926,16.78857,17.65077,24.82954,THUMB
62.07824,17.13495,18.13602,25.15014,THUMB
62.65738,16.38555,17.88028,25.04996,THUMB
64.43473,14.29851,18.18803,25.53088,THUMB
63.8177,13.35032,17.85497,22.82891,THUMB
63.59871,11.9971,16.45364,20.68064,THUMB
61.0006,11.24987,16.01034,19.49789,THUMB
57.98913,11.90319,16.02798,20.12418,THUMB
51.66619,12.6489,16.71465,22.07981,THUMB
40.34638,16.58499,19.96093,25.00528,THUMB
37.45875,17.42779,21.94526,27.25847,THUMB
34.76959,18.29645,23.3521,28.67532,THUMB
32.26681,19.20924,23.18952,27.78277,THUMB
34.1295,17.63354,23.26958,28.31469,THUMB
39.30668,17.00957,24.00372,27.98906,THUMB
40.41521,16.86028,24.07542,27.67951,THUMB
40.15914,16.58295,24.156,27.57899,THUMB
38.6018,16.72984,24.33423,27.11442,THUMB
37.40242,16.78059,24.22585,27.10665,THUMB
36.85483,16.93044,23.4892,26.33851,THUMB
42.05939,17.18316,23.57303,25.26189,THUMB
52.78365,17.24425,25.07006,24.8683,THUMB
61.7888,18.10215,26.64606,25.92585,THUMB
62.46263,19.48471,27.95305,27.84107,THUMB
64.46904,18.33931,27.44719,29.33073,THUMB
74.78197,16.13332,24.77434,25.86661,THUMB
81.64253,13.8398,22.95262,25.74826,THUMB
81.88263,13.85864,22.31574,25.37029,THUMB
71.95152,15.20029,23.21137,24.53003,THUMB
59.23487,17.10418,21.7775,24.42666,THUMB
53.91484,15.61783,20.36751,23.69082,THUMB
52.1101,14.50527,19.72819,24.04595,THUMB
53.0378,13.74977,20.11106,25.00567,THUMB
54.08696,13.96318,22.75812,27.21926,THUMB
54.60285,13.88031,23.79912,29.79522,THUMB
55.06898,14.08369,23.51116,30.59731,THUMB
56.81907,14.47992,22.46307,30.20431,THUMB
59.14386,13.29588,21.02207,27.57443,THUMB
60.27604,12.72469,19.93622,26.63692,THUMB
62.41206,12.51856,17.4323,24.15361,THUMB
60.75456,14.38629,17.67752,24.04292,THUMB
60.68766,15.45256,18.10196,25.03551,THUMB
59.12114,15.9776,18.0598,25.76789,THUMB
61.27519,13.68338,17.33767,24.6361,THUMB
61.90813,11.94276,17.54016,22.11012,THUMB
59.68351,11.22107,16.28358,20.26702,THUMB
57.5052,10.21246,15.19718,18.61683,THUMB
48.10136,11.26023,15.64136,20.12753,THUMB
39.82709,14.30483,18.86836,23.5325,THUMB
32.96338,16.85266,22.99262,27.92986,THUMB
28.84585,19.24154,24.94549,28.22624,THUMB
30.59655,19.89388,25.73291,28.64685,THUMB
34.59633,19.53753,26.72618,29.04836,THUMB
35.38327,19.11164,24.96502,28.47308,THUMB
35.6268,18.85722,23.71205,28.44569,THUMB
35.99881,18.07418,21.77223,28.47628,THUMB
36.98408,16.27597,22.92266,26.22626,THUMB
38.807,16.12465,21.03086,24.0291,THUMB
41.20763,12.05705,19.35527,24.7921,THUMB
43.69401,12.27994,18.1507,24.29263,THUMB
53.26404,13.58543,19.12892,24.56194,THUMB
54.91766,16.26785,23.73839,24.44576,THUMB
51.10827,19.4457,25.63245,24.60542,THUMB
51.09533,19.68233,24.47499,27.04284,THUMB
54.45124,17.87088,21.72974,26.15479,THUMB
49.34964,17.69555,21.45496,26.06173,THUMB
49.12523,17.82758,20.14051,26.73648,THUMB
50.19218,17.9652,19.88217,26.73595,THUMB
52.45744,17.61301,20.40634,25.80819,THUMB
52.74678,17.39448,20.72226,25.86707,THUMB
50.44397,17.16815,21.79571,26.20041,THUMB
50.44397,17.16815,21.79571,26.20041,THUMB
50.44397,17.16815,21.79571,26.20041,THUMB
50.44397,17.16815,21.79571,26.20041,THUMB
50.44397,17.16815,21.79571,26.20041,THUMB
50.44397,17.16815,21.79571,26.20041,THUMB
50.44397,17.16815,21.79571,26.20041,THUMB
50.44397,17.16815,21.79571,26.20041,THUMB
50.44397,17.16815,21.79571,26.20041,THUMB
50.44397,17.16815,21.79571,26.20041,THUMB
50.44397,17.16815,21.79571,26.20041,THUMB
50.44397,17.16815,21.79571,26.20041,THUMB
50.44397,17.16815,21.79571,26.20041,THUMB
50.44397,17.16815,21.79571,26.20041,THUMB
50.44397,17.16815,21.79571,26.20041,THUMB
50.44397,17.16815,21.79571,26.20041,THUMB
50.44397,17.16815,21.79571,26.20041,THUMB
50.44397,17.16815,21.79571,26.20041,THUMB
50.44397,17.16815,21.79571,26.20041,THUMB
50.44397,17.16815,21.79571,26.20041,THUMB
50.44397,17.16815,21.79571,26.20041,THUMB
50.44397,17.16815,21.79571,26.20041,THUMB
50.44397,17.16815,21.79571,26.20041,THUMB
50.44397,17.16815,21.79571,26.20041,THUMB
50.44397,17.16815,21.79571,26.20041,THUMB
50.44397,17.16815,21.79571,26.20041,THUMB
50.44397,17.16815,21.79571,26.20041,THUMB
50.44397,17.16815,21.79571,26.20041,THUMB
50.44397,17.16815,21.79571,26.20041,THUMB
50.44397,17.16815,21.79571,26.20041,THUMB
50.44397,17.16815,21.79571,26.20041,THUMB
59.32141,16.6265,23.23329,26.24873,THUMB
61.89138,15.32244,23.68639,26.46617,THUMB
63.02695,12.95273,23.6594,25.48166,THUMB
62.71178,13.33163,22.12214,26.25661,THUMB
65.06944,11.66746,20.03351,22.47297,THUMB
66.4194,13.88501,19.52842,21.00575,THUMB
66.4126,15.7092,19.17951,21.89862,THUMB
64.29423,16.41834,18.22151,21.72384,THUMB
63.31652,14.86099,17.67658,21.26353,THUMB
61.04718,15.35629,19.51501,22.48751,THUMB
51.03731,13.99161,26.4431,24.393,THUMB
34.51178,18.29824,27.20678,26.32154,THUMB
36.99261,17.97551,25.36762,27.43336,THUMB
35.59884,16.53249,23.18322,29.02574,THUMB
33.28379,17.76928,23.16221,28.39618,THUMB
31.22844,19.4782,22.9076,27.91209,THUMB
36.05315,19.5484,23.1787,28.52326,THUMB
36.96636,19.19079,22.95927,29.04659,THUMB
40.93085,16.52629,21.74171,28.27037,THUMB
33.69396,12.41549,18.84029,21.0646,THUMB
18.63537,9.60873,16.13489,17.46585,THUMB
7.137898,9.695337,15.63152,15.36467,THUMB
19.71387,11.63689,14.46764,16.79065,THUMB
17.53596,12.84161,14.35892,17.17328,THUMB
8.19762,13.51489,15.34725,17.40628,THUMB
5.115922,14.82016,15.97288,17.75234,THUMB
5.872695,14.35646,15.65385,17.48357,THUMB
11.81813,11.06082,14.81347,16.79268,THUMB
14.67229,8.467031,14.94438,16.91027,THUMB
13.64293,7.866741,14.64496,16.81223,THUMB
14.8269,8.614773,16.02788,17.33559,THUMB
15.3496,9.199794,18.4334,17.57023,THUMB
16.02727,8.183381,18.92134,17.38796,THUMB
18.50533,9.711102,15.84923,18.45825,THUMB
25.99261,11.85945,15.90843,19.50133,THUMB
34.80021,11.73178,16.25831,20.46337,THUMB
33.22974,9.2455,16.05782,19.69361,THUMB
27.08567,7.604084,14.96395,17.57615,THUMB
23.34177,7.390403,14.34739,16.63004,THUMB
24.00547,7.89016,14.53265,16.89202,THUMB
25.2125,8.863173,15.579,18.19148,THUMB
25.71935,9.067417,16.01786,18.71359,THUMB
23.61669,8.713208,15.2337,17.75487,THUMB
21.4818,7.866965,14.26955,16.55451,THUMB
20.82121,7.756713,14.17825,16.45637,THUMB
21.05643,8.314345,14.75189,17.27211,THUMB
21.98808,9.022863,15.42133,18.27286,THUMB
21.99433,9.489847,15.7093,18.7342,THUMB
21.52678,10.32059,15.94999,19.20135,THUMB
22.17054,10.44054,15.99125,19.48784,THUMB
23.23681,10.2387,16.00903,19.59921,THUMB
23.537,11.43156,16.07158,19.88247,THUMB
15.2669,21.07159,16.03631,20.93764,THUMB
THUMB_INDEX_ANGLE,INDEX_MIDDLE_ANGLE,MIDDLE_RING_ANGLE,RING_PINKY_ANGLE,target
58.41524,12.28548,16.81552,20.70361,THUMB
58.10303,12.32818,16.8291,20.83663,THUMB
58.21714,12.30874,16.87275,20.79811,THUMB
58.87313,11.98097,16.51855,20.41745,THUMB
59.35662,11.77267,16.25853,20.09662,THUMB
59.62532,11.83636,16.21601,20.03568,THUMB
59.49935,11.84378,16.2741,20.08576,THUMB
59.23801,11.78614,16.32333,20.09314,THUMB
59.10612,11.84072,16.41518,20.18071,THUMB
59.09817,11.97098,16.54941,20.2876,THUMB
59.02303,12.02538,16.61551,20.34904,THUMB
59.48035,12.04207,16.60986,20.35514,THUMB
60.21627,12.02382,16.55044,20.39264,THUMB
60.51381,12.00185,16.52943,20.41378,THUMB
60.23038,12.02115,16.46308,20.47485,THUMB
59.97016,12.11183,16.46346,20.55783,THUMB
59.69474,12.2139,16.56525,20.68234,THUMB
59.48898,12.30112,16.75619,20.83032,THUMB
59.60565,12.35804,16.82055,20.91137,THUMB
59.62609,12.39371,16.84542,20.92582,THUMB
59.73524,12.426,16.86227,20.90687,THUMB
59.7487,12.43957,16.89578,20.93124,THUMB
59.80219,12.39039,16.84,20.90213,THUMB
60.15749,12.69274,17.27201,21.00371,THUMB
60.50036,12.9124,17.76755,20.99995,THUMB
60.8628,12.84245,17.88752,20.80781,THUMB
61.03264,12.69451,17.76015,20.61533,THUMB
60.87659,12.35341,17.18294,20.53472,THUMB
60.73026,12.09584,16.75634,20.50973,THUMB
60.6685,11.98495,16.53891,20.48394,THUMB
60.68185,11.96552,16.40087,20.45282,THUMB
60.72971,12.04989,16.41298,20.47554,THUMB
60.59077,12.24255,16.47814,20.5554,THUMB
60.4108,12.29251,16.52901,20.58702,THUMB
60.28238,12.32346,16.58876,20.61084,THUMB
60.23337,12.34076,16.68797,20.61299,THUMB
60.40338,12.34744,16.76765,20.61703,THUMB
60.5219,12.34747,16.92726,20.72456,THUMB
60.57851,12.35724,17.02664,20.79925,THUMB
60.53809,12.33267,16.99497,20.77263,THUMB
60.51843,12.28346,16.87718,20.66935,THUMB
60.79528,12.14577,16.65765,20.43846,THUMB
60.97729,12.16317,16.66243,20.45287,THUMB
61.00119,12.21869,16.72464,20.49697,THUMB
61.25678,12.38216,16.83677,20.73342,THUMB
61.67456,12.48941,16.94769,21.04552,THUMB
61.72164,12.49961,17.09986,21.27618,THUMB
61.62948,12.84621,17.84551,22.05291,THUMB
62.00565,13.73273,18.57896,22.73527,THUMB
62.0057,14.42778,19.06004,23.06165,THUMB
61.7253,14.69681,19.14864,23.04481,THUMB
61.54687,14.7323,19.02858,22.85317,THUMB
61.57201,14.73431,18.93456,22.78108,THUMB
60.92771,14.78748,19.01097,22.84303,THUMB
59.62144,14.89817,19.40342,23.23802,THUMB
58.46843,15.05434,19.91179,23.32834,THUMB
57.47914,15.38814,20.33285,23.27616,THUMB
54.82626,16.03642,21.66064,24.33694,THUMB
53.31867,15.32909,24.96578,26.02796,THUMB
54.80831,14.55491,28.04472,26.14793,THUMB
56.87877,14.05479,26.62326,26.94306,THUMB
51.82465,15.086,28.08621,25.97351,THUMB
40.43367,18.36795,27.40768,26.8062,THUMB
35.43516,19.42517,26.14262,27.97364,THUMB
34.78623,18.66781,24.4152,27.85511,THUMB
36.17838,17.61824,23.71104,26.93537,THUMB
36.79227,17.07533,24.25297,26.938,THUMB
42.09844,16.08087,24.09909,26.71038,THUMB
45.73794,15.6289,23.82708,26.21533,THUMB
46.60807,15.48794,24.52641,26.37261,THUMB
46.88372,16.22986,25.19835,27.0738,THUMB
44.24586,17.68853,26.80106,27.65754,THUMB
40.38969,18.82122,27.67302,28.7916,THUMB
38.45348,19.93192,27.56627,29.61131,THUMB
38.38647,20.30625,28.2749,28.93953,THUMB
38.75939,20.92874,28.14116,28.20189,THUMB
39.41961,20.91582,27.51977,27.70334,THUMB
39.71696,20.70693,26.42991,27.7559,THUMB
39.47386,20.04737,26.12986,28.02493,THUMB
40.13165,19.75129,26.03252,27.78964,THUMB
42.05305,19.91336,26.17095,27.22372,THUMB
44.93495,19.48368,26.33171,27.14705,THUMB
46.17863,19.19582,26.35415,27.14356,THUMB
46.45855,19.30445,26.20444,26.972,THUMB
45.30468,18.97046,26.06557,27.14513,THUMB
43.0442,17.41594,25.60797,27.87834,THUMB
37.63411,16.5667,25.01347,28.41372,THUMB
31.78782,18.36448,25.20235,27.83825,THUMB
34.82596,18.6186,25.76887,27.34794,THUMB
52.33854,18.09012,23.17841,27.38085,THUMB
70.94711,17.29428,22.33626,30.63315,THUMB
69.31638,16.10849,22.07966,25.26383,THUMB
68.50716,15.33094,19.25865,22.36939,THUMB
64.61474,14.97758,19.65009,25.62796,THUMB
62.23009,13.98624,20.12729,28.09144,THUMB
64.41303,13.38059,20.42832,26.46757,THUMB
69.6642,13.14867,19.28584,25.55883,THUMB
70.22463,13.38384,19.57288,26.35085,THUMB
67.09077,14.46344,20.45179,26.3125,THUMB
64.29837,15.44437,21.11242,26.37938,THUMB
58.42466,16.78608,22.02844,25.98147,THUMB
57.20857,16.0559,19.95079,26.01681,THUMB
58.1725,15.56049,19.67476,25.59867,THUMB
59.12167,15.44596,20.28681,25.99404,THUMB
62.56371,15.05808,20.99303,25.37675,THUMB
61.08271,16.39274,21.47595,25.12139,THUMB
56.07339,16.27338,22.25636,25.47754,THUMB
54.50785,17.01306,24.50539,26.75626,THUMB
53.97337,16.2106,24.24688,25.85209,THUMB
49.81651,16.53812,24.65101,25.36205,THUMB
49.25473,16.97946,25.33766,25.79921,THUMB
47.28135,16.7746,26.69576,26.81085,THUMB
45.98146,17.31459,27.44905,28.42718,THUMB
45.87546,17.86798,26.73376,29.03195,THUMB
44.93058,16.89376,26.25668,27.95871,THUMB
43.46467,16.43635,25.78169,27.32898,THUMB
41.49822,16.95623,25.06199,26.05363,THUMB
46.8082,17.71547,22.63116,27.00193,THUMB
57.79333,18.20576,20.71127,36.26339,THUMB
66.2747,15.15309,20.95296,39.26184,THUMB
66.0363,14.31761,22.38192,23.87402,THUMB
65.03621,14.4558,22.2804,26.62104,THUMB
61.91632,15.60747,20.55864,21.51023,THUMB
59.681,17.96315,22.41563,21.89876,THUMB
61.64018,13.15829,21.77728,22.10348,THUMB
61.40725,8.871347,19.90339,15.43785,THUMB
61.1648,6.584248,17.26331,14.21981,THUMB
62.90491,6.500079,14.48992,12.79373,THUMB
64.34527,6.246137,12.34344,11.98334,THUMB
64.84814,5.977862,11.62254,11.8203,THUMB
64.62614,5.615694,12.20586,13.03083,THUMB
64.56367,9.32563,19.77805,21.82046,THUMB
60.94195,16.91973,25.53539,31.08361,THUMB
58.25509,17.37099,23.81688,33.60603,THUMB
56.90818,20.65701,22.64172,27.23343,THUMB
53.44186,19.62246,22.41155,26.71898,THUMB
50.79337,18.44053,22.75971,27.30224,THUMB
49.65604,16.9664,23.42367,27.47587,THUMB
51.70425,16.90472,22.82516,27.41838,THUMB
53.23971,17.32287,22.92203,27.08427,THUMB
54.11902,17.30399,23.98598,26.44346,THUMB
56.48349,17.71615,23.38936,26.16504,THUMB
59.49692,16.5762,22.22026,25.79313,THUMB
61.00453,14.23748,21.0946,25.07376,THUMB
63.48213,12.98473,19.45196,23.20649,THUMB
64.63055,12.48347,18.66848,22.03655,THUMB
64.32957,12.76826,18.98803,22.3493,THUMB
64.2713,14.14759,18.75983,22.0048,THUMB
64.62726,14.78789,18.62362,22.3216,THUMB
64.76732,16.11663,19.21574,23.32869,THUMB
67.99263,16.54207,20.984,22.57391,THUMB
73.97375,15.47462,22.16166,21.26839,THUMB
70.69343,15.60185,22.27256,22.8656,THUMB
68.85535,14.28002,21.74332,24.02781,THUMB
65.05469,14.43378,24.51447,24.45787,THUMB
62.36722,15.25922,27.27122,24.16982,THUMB
62.30491,16.48547,25.23832,26.0291,THUMB
63.81511,15.71681,26.30227,26.31688,THUMB
64.16398,15.38633,26.32578,26.33243,THUMB
62.3265,14.89672,26.05955,26.79452,THUMB
59.7774,15.18731,25.63986,27.13063,THUMB
63.1422,18.12322,23.17469,25.09667,THUMB
67.63479,18.92642,23.42929,25.03724,THUMB
66.88347,17.96073,27.02256,26.26638,THUMB
62.90315,19.74865,27.63882,26.64678,THUMB
39.40097,17.8802,25.93437,27.43336,THUMB
27.67552,18.04813,25.99177,29.16909,THUMB
36.6496,17.96776,27.75335,28.85673,THUMB
38.60546,18.68835,27.63316,29.68929,THUMB
38.15825,19.44353,26.34049,29.8858,THUMB
39.9019,19.40845,24.82348,30.11367,THUMB
43.60664,18.04727,24.63416,29.58636,THUMB
44.85038,16.36407,24.40696,28.8516,THUMB
45.5877,14.82535,23.52703,29.82699,THUMB
46.98162,14.63729,23.09886,29.01329,THUMB
48.13471,13.68715,24.95403,27.69937,THUMB
58.33527,15.61114,23.92292,27.54,THUMB
56.91497,15.11894,21.66798,25.67836,THUMB
64.1781,14.62476,20.26015,23.17547,THUMB
68.18047,15.22234,19.6904,22.70798,THUMB
72.10674,13.95208,19.29453,22.71217,THUMB
76.84112,11.70289,20.07912,24.45621,THUMB
77.38732,11.7901,21.81863,25.66468,THUMB
76.04599,13.36265,22.52091,26.02812,THUMB
72.0858,15.98871,22.87377,25.22238,THUMB
72.19106,16.01931,22.96565,24.49843,THUMB
73.4498,13.61489,22.37281,24.06073,THUMB
72.73865,14.41167,21.05856,25.08242,THUMB
71.64607,14.93243,20.92821,25.57455,THUMB
68.46463,15.11829,22.49973,25.00239,THUMB
67.37511,14.72078,22.99119,24.59087,THUMB
66.73624,15.14269,22.90859,24.32273,THUMB
66.63429,15.5205,22.77047,24.17582,THUMB
66.97346,15.75071,22.21867,24.25017,THUMB
67.00813,15.87913,22.12085,24.21765,THUMB
66.95005,15.65533,22.13891,23.91498,THUMB
66.90984,15.31294,22.18318,23.49716,THUMB
66.82683,15.0525,22.0771,23.24225,THUMB
66.60505,14.86925,21.8903,23.15735,THUMB
65.92586,14.92894,21.72955,23.13862,THUMB
65.38536,15.04931,21.64686,23.39303,THUMB
65.23454,14.48934,21.26533,24.45289,THUMB
64.10204,13.16092,20.96693,26.12217,THUMB
61.2091,12.87406,21.5198,28.1136,THUMB
57.45872,15.40711,23.64552,30.0532,THUMB
58.42175,18.3858,22.9412,26.2976,THUMB
60.39664,18.65375,22.09028,25.01799,THUMB
57.81985,17.82688,21.54115,25.26618,THUMB
55.78859,16.48536,22.89681,25.35507,THUMB
54.06684,17.49942,23.97573,26.29691,THUMB
49.77367,16.71658,26.59787,26.76107,THUMB
40.931,17.56742,26.38018,27.72721,THUMB
39.01795,17.88193,26.26046,27.93036,THUMB
39.30919,17.39626,25.78135,27.75462,THUMB
40.43514,17.51465,25.48228,28.01174,THUMB
42.27789,17.92085,25.7095,28.2559,THUMB
44.02063,18.33762,25.94006,28.08904,THUMB
46.13754,17.94588,26.13705,27.51906,THUMB
47.44786,17.36192,25.8869,26.67531,THUMB
47.77248,16.73849,25.03639,26.26785,THUMB
47.60033,15.54962,24.10541,25.96815,THUMB
47.30542,14.47297,23.29087,25.39732,THUMB
47.25697,13.83323,22.3405,24.40158,THUMB
47.95174,12.97582,20.97792,23.14984,THUMB
49.86598,11.49487,18.21693,20.76345,THUMB
53.14656,10.19636,16.55524,19.20491,THUMB
43.21359,11.6971,17.35299,19.45898,THUMB
45.45464,16.11695,18.4169,20.56838,THUMB
50.68373,17.96463,22.70049,25.23287,THUMB
57.11428,19.60185,27.17582,24.96012,THUMB
56.41951,19.64871,24.63556,26.80138,THUMB
54.76179,17.39692,24.19782,28.44252,THUMB
49.72816,17.3876,23.61718,28.01718,THUMB
54.87946,17.03119,27.24865,26.78688,THUMB
60.99071,16.62489,25.9924,27.84101,THUMB
68.06063,16.62285,26.56194,26.09317,THUMB
71.45731,17.43081,26.43024,24.84311,THUMB
71.82585,19.59701,23.96859,24.82382,THUMB
69.16817,19.61246,22.99625,24.86219,THUMB
64.21405,17.7784,23.04255,26.24984,THUMB
62.57277,13.5237,20.33847,25.0936,THUMB
62.84677,12.10091,20.338,25.04001,THUMB
62.24871,12.54387,20.63766,26.34944,THUMB
63.24223,12.84188,21.42776,26.2972,THUMB
67.06964,12.52056,21.10688,26.08342,THUMB
71.30645,11.87506,19.33193,24.58228,THUMB
74.01521,11.36897,18.84431,22.93692,THUMB
74.32155,11.21161,19.22435,22.96409,THUMB
71.83042,11.64287,19.09044,23.60002,THUMB
67.98374,12.10675,17.94422,24.11611,THUMB
65.41906,12.10302,17.28909,24.53416,THUMB
59.53334,14.50313,18.12943,24.78452,THUMB
55.45001,15.28554,19.05477,25.32317,THUMB
55.99898,12.68189,17.66722,23.65015,THUMB
57.3638,12.39188,16.72637,22.03279,THUMB
58.73589,13.42525,17.31984,21.16625,THUMB
52.96473,16.58727,19.3253,22.98837,THUMB
50.51901,17.64822,23.67859,26.33822,THUMB
51.22796,20.63894,27.63305,27.92842,THUMB
53.56483,39.92112,27.34195,29.93168,THUMB
50.6562,23.44017,25.3745,26.49794,THUMB
52.34793,16.6851,24.16165,25.37407,THUMB
51.30354,17.09676,23.9447,26.45285,THUMB
45.48947,16.78069,25.24577,27.21912,THUMB
41.78199,16.87796,25.61742,28.35825,THUMB
41.35683,16.79747,25.21158,28.68861,THUMB
43.65148,16.52559,24.65625,28.60211,THUMB
45.93745,15.15294,24.33367,28.66658,THUMB
47.37582,14.81633,23.91299,28.48372,THUMB
48.0433,15.17568,23.06317,27.9573,THUMB
48.53534,15.33165,22.55003,27.52939,THUMB
49.59222,15.06182,22.73345,26.19468,THUMB
49.52295,14.94912,22.88291,25.04967,THUMB
49.44328,14.69192,22.96357,24.34639,THUMB
49.3824,14.68621,23.29487,24.02104,THUMB
48.60866,14.1025,22.92827,23.66551,THUMB
46.8707,13.10604,21.80782,23.13377,THUMB
41.88168,12.06534,20.28429,22.0542,THUMB
31.40035,12.34526,19.36918,21.66361,THUMB
33.21246,13.55133,20.3192,23.28075,THUMB
47.41306,15.8295,22.74655,24.09142,THUMB
55.82702,21.93326,32.22421,24.32317,THUMB
64.80162,22.08562,32.06311,26.28098,THUMB
69.10435,18.62037,33.59759,23.98612,THUMB
64.12428,14.61082,28.58064,22.72919,THUMB
70.98987,16.88025,30.11303,24.24056,THUMB
70.28802,19.78778,27.51164,28.23587,THUMB
71.18413,18.98672,23.0267,29.20902,THUMB
70.5964,19.93254,22.2505,25.55845,THUMB
67.95083,17.96749,23.62619,27.1607,THUMB
68.05575,17.3758,24.41572,29.06117,THUMB
65.29238,17.93839,24.7814,28.01427,THUMB
62.69814,18.1165,24.69868,27.84524,THUMB
61.80365,18.46557,23.97721,27.29699,THUMB
62.67654,17.85853,21.13527,24.40682,THUMB
65.09499,15.05254,18.9649,22.62211,THUMB
66.57414,13.34455,18.23004,21.78926,THUMB
66.62154,12.4055,18.02991,21.02719,THUMB
64.70325,13.12237,18.89187,21.61953,THUMB
63.76271,13.3433,19.27692,22.16757,THUMB
63.10966,13.60862,19.25005,23.07431,THUMB
63.4338,13.7408,18.86853,23.01988,THUMB
65.23237,13.18608,18.18972,22.98221,THUMB
66.12492,12.77842,17.77645,23.03901,THUMB
66.1085,13.03189,17.88182,23.96465,THUMB
64.97822,13.23651,18.19258,24.85895,THUMB
64.25861,13.17612,18.29262,25.36692,THUMB
63.74828,12.90843,18.05741,25.51705,THUMB
63.16898,12.5554,17.81323,25.02282,THUMB
61.81648,12.49654,18.26314,25.06122,THUMB
59.44955,13.41664,19.7292,25.56384,THUMB
58.2692,14.63976,20.21317,24.31948,THUMB
58.26793,15.96561,19.95179,23.61563,THUMB
55.30446,17.13975,19.64779,23.73687,THUMB
49.48566,17.65174,20.1027,24.81187,THUMB
44.29407,18.02384,21.81701,25.93134,THUMB
47.07718,16.22564,24.3205,27.54578,THUMB
52.06697,12.56034,26.40711,27.96309,THUMB
49.83512,16.34391,27.02987,27.84399,THUMB
52.13443,18.21415,25.60355,29.79201,THUMB
55.6034,14.03123,26.25712,28.3452,THUMB
49.30416,16.60947,25.70226,27.36979,THUMB
42.36197,19.0431,24.88736,27.52882,THUMB
41.88645,19.93365,24.34678,26.73591,THUMB
45.57954,19.21985,24.18435,26.39625,THUMB
48.41407,18.54091,24.10104,26.86563,THUMB
49.2201,17.65272,23.91514,27.92459,THUMB
49.45623,16.40831,23.70283,28.48063,THUMB
47.70313,15.78659,23.80662,28.77181,THUMB
43.4318,15.1286,24.13245,28.85303,THUMB
41.73491,15.1908,24.39184,28.86517,THUMB
42.14062,16.1104,24.81441,28.37379,THUMB
44.17586,16.44011,24.69452,27.90206,THUMB
45.68988,16.96782,24.61712,27.9892,THUMB
46.82578,17.1563,24.4562,28.31085,THUMB
48.01903,16.36616,23.54488,27.28632,THUMB
49.21102,15.77114,22.97681,26.20215,THUMB
49.48267,15.81058,22.90251,25.80735,THUMB
49.00116,15.85781,22.98289,25.02666,THUMB
48.70929,15.53272,23.09672,24.36999,THUMB
47.80971,15.54811,23.4232,24.90638,THUMB
45.33579,15.89133,23.6248,25.49532,THUMB
43.20961,15.6904,23.07595,25.50628,THUMB
40.43774,15.02541,22.15631,25.23878,THUMB
36.72268,15.21799,22.14748,25.53136,THUMB
34.87621,16.23446,23.14062,26.60759,THUMB
49.75231,17.85775,24.56314,26.90112,THUMB
57.09502,21.91185,26.02499,28.21713,THUMB
53.86437,20.05224,25.54959,27.6154,THUMB
54.08735,16.99602,25.58794,27.09574,THUMB
50.54942,16.65979,22.98952,26.0905,THUMB
52.23201,17.82858,21.13239,25.14896,THUMB
53.91134,17.9027,20.00862,24.41018,THUMB
56.22387,17.71155,19.60438,23.85428,THUMB
61.08762,16.99787,19.85701,23.74024,THUMB
63.35895,15.95617,20.30413,23.9949,THUMB
66.03302,14.47189,21.00206,24.14805,THUMB
65.76308,12.98394,20.94464,23.60018,THUMB
66.05998,13.24252,20.47191,23.55658,THUMB
64.72613,13.89251,20.40852,24.26992,THUMB
63.19573,15.56947,20.63235,24.37219,THUMB
62.00149,16.9604,20.88422,24.18795,THUMB
62.42892,16.36273,19.78316,24.53032,THUMB
60.75127,16.98702,21.4951,26.51093,THUMB
58.05978,16.98065,23.55692,28.56031,THUMB
54.51432,17.55639,23.90943,28.89687,THUMB
59.03941,13.96509,24.8777,27.16564,THUMB
65.73096,12.78003,23.2016,24.64133,THUMB
66.66302,20.23708,22.32505,22.88447,THUMB
66.82444,23.65433,21.35856,23.03252,THUMB
65.34016,31.02859,23.18749,24.5002,THUMB
61.97132,27.55771,23.52477,26.04425,THUMB
60.3404,18.13894,23.18872,26.1627,THUMB
54.40287,18.3523,25.74619,22.53922,THUMB
49.04026,20.26561,20.29583,23.61765,THUMB
51.41685,21.94474,17.61639,23.67799,THUMB
64.25549,10.46623,18.29934,22.88994,THUMB
81.81507,9.848859,18.92811,25.07199,THUMB
74.10548,12.3655,18.9525,32.58804,THUMB
67.8605,13.07417,19.79667,35.8109,THUMB
57.69302,16.91743,21.17742,23.07818,THUMB
50.17925,20.37384,23.33622,25.58473,THUMB
41.37328,20.59819,25.27642,28.74179,THUMB
26.37679,17.86584,25.35426,27.55575,THUMB
23.20675,15.30606,25.74492,27.85208,THUMB
24.77689,14.67572,23.00179,29.62023,THUMB
41.28913,15.78895,23.32816,30.2678,THUMB
44.03508,17.41101,24.46123,32.06675,THUMB
41.69557,19.96753,25.02349,31.91594,THUMB
42.86602,20.84313,28.94379,28.78333,THUMB
43.17596,22.3789,28.88922,26.66726,THUMB
45.07143,22.48682,24.74361,27.17502,THUMB
47.80549,20.55463,24.83698,28.29589,THUMB
49.79606,19.00285,25.35638,28.42424,THUMB
51.30543,18.35237,25.74582,28.16476,THUMB
51.90809,18.82168,25.71402,27.90604,THUMB
52.34321,19.45733,25.55025,27.56353,THUMB
51.55698,20.37352,24.88163,27.22341,THUMB
48.42307,21.93904,25.32209,27.1734,THUMB
48.38255,20.64472,24.07851,27.38969,THUMB
49.38228,17.08201,21.45546,28.5804,THUMB
53.7277,21.14723,20.74649,28.09873,THUMB
65.31188,50.55346,20.98991,28.85106,THUMB
68.55833,68.72833,24.51283,25.94679,THUMB
60.63341,35.0373,23.93937,25.52866,THUMB
50.66756,8.30851,21.39899,22.68965,THUMB
38.24773,15.39746,22.84222,23.91348,THUMB
33.71323,23.34334,25.5932,26.53905,THUMB
33.64417,17.9403,24.05976,28.91519,THUMB
55.7328,15.82647,22.64236,27.69022,THUMB
73.97346,10.13207,19.53758,23.50785,THUMB
76.8699,9.961861,16.6161,21.10834,THUMB
74.43298,12.03444,15.95378,20.05574,THUMB
69.87885,15.61865,16.33801,19.94212,THUMB
64.22454,16.42475,18.1556,22.55311,THUMB
61.52751,16.47816,19.31977,23.8557,THUMB
63.33336,16.79956,19.26591,24.92552,THUMB
71.7172,12.31587,17.28739,24.40528,THUMB
78.31134,7.459878,15.95173,19.73162,THUMB
81.69366,5.528929,13.22904,16.32503,THUMB
84.46522,5.326823,11.85179,15.45185,THUMB
81.84456,5.712956,11.74536,14.87811,THUMB
80.90977,5.61702,11.52795,15.60281,THUMB
74.47453,5.617264,11.25927,14.31526,THUMB
69.54108,5.999793,11.26066,13.04214,THUMB
67.77139,6.378673,15.4008,13.35566,THUMB
69.83441,6.206178,22.56943,22.9351,THUMB
65.37196,11.71712,25.0993,28.3916,THUMB
62.43864,14.1729,24.5129,28.90877,THUMB
61.5867,12.74,23.88501,29.78267,THUMB
59.65441,14.61438,22.72141,30.27142,THUMB
54.71775,16.46333,21.8552,29.75803,THUMB
54.10223,20.75076,21.96535,27.60162,THUMB
53.11168,20.49799,22.07931,26.45142,THUMB
51.71144,20.3426,22.67204,25.93326,THUMB
48.1063,21.74183,24.11691,25.55168,THUMB
49.54605,22.34898,23.48955,25.46518,THUMB
47.36738,23.23134,23.60038,25.58341,THUMB
57.69541,38.564,24.92953,26.62369,THUMB
62.05527,64.05827,25.71377,27.25701,THUMB
65.12486,73.77474,26.70083,27.08147,THUMB
64.81863,72.92818,26.98737,25.34511,THUMB
63.70048,72.39739,25.64057,25.90096,THUMB
62.55617,72.63937,24.69017,27.58814,THUMB
62.02584,72.37368,24.41419,27.47368,THUMB
61.71441,71.57618,24.27837,27.04877,THUMB
60.96874,71.57769,24.06561,26.53628,THUMB
57.9583,70.98349,24.34961,26.34406,THUMB
61.11461,71.44364,24.59622,26.63292,THUMB
57.55829,59.70301,23.9499,26.17896,THUMB
60.30384,66.80322,25.12537,26.46424,THUMB
62.45325,73.964,24.68421,26.61241,THUMB
64.59962,80.98471,24.08464,26.12666,THUMB
70.92701,84.81612,20.80588,24.01722,THUMB
78.32317,86.3568,17.63627,21.11287,THUMB
79.74399,91.54646,16.63771,21.71034,THUMB
75.01778,99.08298,16.82052,23.23866,THUMB
71.79349,96.83635,17.18481,23.47284,THUMB
71.54512,96.61623,17.51904,23.73086,THUMB
62.47802,13.21582,19.09475,24.02127,THUMB
63.59726,12.72266,19.64323,24.43183,THUMB
61.96041,13.62684,19.8543,24.31453,THUMB
61.40578,13.79279,19.48721,23.78878,THUMB
60.28529,13.59214,18.95851,23.6292,THUMB
59.18644,13.4603,18.69978,23.90079,THUMB
58.9155,12.17623,17.97304,24.08257,THUMB
59.21603,11.56689,17.71531,24.34573,THUMB
59.60082,11.31077,17.68476,24.56223,THUMB
60.54596,11.29301,17.72654,24.5427,THUMB
61.00684,11.51263,18.25462,25.22312,THUMB
61.94859,11.18741,18.39589,25.26283,THUMB
62.82295,10.94616,18.28798,25.05719,THUMB
63.97734,10.81682,18.17285,25.22915,THUMB
64.57945,10.68738,18.0808,25.39396,THUMB
65.14133,10.3801,17.07452,23.25539,THUMB
64.10664,10.47721,17.20526,23.26295,THUMB
63.53782,10.63965,17.33529,23.30497,THUMB
64.15508,10.79888,16.71121,21.88281,THUMB
64.5696,11.88125,16.78403,21.03977,THUMB
64.62067,13.36083,17.33011,21.1292,THUMB
63.56553,15.23156,18.73734,21.96758,THUMB
65.01464,15.91177,20.80446,22.16126,THUMB
66.15561,16.64492,22.83222,23.3316,THUMB
66.7021,16.98689,20.64834,23.35431,THUMB
63.99286,16.0691,20.54244,23.90001,THUMB
61.67081,14.69463,20.98942,28.1066,THUMB
60.58436,12.61632,20.44308,27.05318,THUMB
60.51551,11.92412,20.77642,26.46656,THUMB
59.73575,11.89456,20.90433,29.2679,THUMB
59.34182,12.2953,21.74207,36.97242,THUMB
60.31037,11.52487,21.08202,48.63746,THUMB
60.72561,11.27863,20.8856,50.5407,THUMB
60.98218,11.2883,23.16615,46.17735,THUMB
60.59304,11.43322,27.55648,43.63777,THUMB
59.93055,11.43528,28.29215,42.43726,THUMB
59.63553,11.21117,26.73629,42.689,THUMB
59.62725,11.10688,25.89277,43.01914,THUMB
59.24723,11.33715,24.77262,43.87819,THUMB
59.34961,11.23912,23.50891,45.78244,THUMB
59.63343,11.15869,23.46023,45.11184,THUMB
